14:13:40.026 -> 19895, -3248121, 2444399, 19892, 6394779, 9, 257, 351, 9
14:13:40.093 -> 19964, -3251108, 2444312, 19785, 6395570, 9, 258, 352, 9
14:13:40.193 -> 20056, -3255520, 2444283, 19582, 6396641, 9, 258, 352, 9
14:13:40.293 -> 20154, -3259004, 2444255, 19430, 6400501, 9, 258, 352, 9
14:13:40.392 -> 20252, -3260653, 2444262, 19491, 6402156, 9, 258, 351, 9
14:13:40.492 -> 20350, -3261843, 2444294, 19737, 6401508, 9, 257, 351, 9
14:13:40.592 -> 20448, -3262486, 2444370, 19784, 6400088, 9, 256, 351, 9
14:13:40.692 -> 20546, -3263075, 2444366, 19770, 6399146, 9, 257, 351, 9
14:13:40.791 -> 20644, -3263564, 2444240, 19687, 6394429, 9, 257, 351, 9
14:13:40.891 -> 20743, -3263763, 2444166, 19624, 6393278, 9, 257, 351, 9
14:13:40.991 -> 20840, -3263957, 2444190, 19643, 6393016, 9, 257, 351, 8
14:13:41.058 -> 20938, -3264071, 2444282, 19572, 6394191, 9, 257, 351, 9
14:13:41.158 -> 21037, -3264115, 2444328, 19523, 6394858, 14, 261, 354, 14
14:13:41.258 -> 21135, -3263285, 2444394, 19566, 6395023, 14, 261, 354, 14
14:13:41.358 -> 21232, -3258195, 2444517, 19650, 6395888, 14, 261, 354, 14
14:13:41.457 -> 21330, -3255889, 2444507, 19614, 6395837, 14, 261, 354, 14
14:13:41.557 -> 21429, -3257613, 2444359, 19549, 6394580, 14, 261, 354, 14
14:13:41.658 -> 21527, -3259487, 2444346, 19601, 6393764, 14, 261, 354, 14
14:13:41.758 -> 21624, -3260643, 2444345, 19771, 6395507, 14, 261, 354, 14
14:13:41.858 -> 21723, -3261124, 2444287, 19726, 6395692, 14, 261, 354, 14
14:13:41.958 -> 21821, -3261449, 2444219, 19641, 6394233, 14, 261, 354, 14
14:13:42.057 -> 21919, -3261734, 2444211, 19500, 6393303, 14, 261, 354, 14
14:13:42.158 -> 22017, -3261912, 2444163, 19435, 6392951, 14, 260, 354, 14
14:13:42.258 -> 22115, -3261993, 2444120, 19445, 6392947, 14, 261, 354, 14
14:13:42.358 -> 22213, -3262102, 2444132, 19554, 6392772, 14, 261, 354, 14
14:13:42.458 -> 22311, -3262235, 2444145, 19545, 6391665, 14, 261, 354, 14
14:13:42.557 -> 22409, -3262306, 2444030, 19537, 6389970, 14, 261, 354, 14
14:13:42.657 -> 22507, -3262425, 2443968, 19608, 6389464, 14, 261, 354, 14
14:13:42.724 -> 22605, -3262484, 2444015, 19551, 6388966, 14, 261, 354, 14
14:13:42.823 -> 22704, -3262640, 2443928, 19537, 6389378, 14, 261, 354, 14
14:13:42.923 -> 22801, -3262773, 2443836, 19558, 6390232, 15, 261, 354, 14
14:13:43.023 -> 22899, -3262748, 2443673, 19434, 6389956, 14, 261, 354, 14
14:13:43.123 -> 22998, -3262731, 2443666, 19499, 6390320, 14, 261, 354, 14
14:13:43.223 -> 23096, -3262705, 2443662, 19478, 6391601, 14, 261, 354, 14
14:13:43.323 -> 23193, -3262729, 2443597, 19518, 6392142, 14, 261, 354, 14
14:13:43.423 -> 23291, -3262769, 2443571, 19429, 6391907, 14, 261, 354, 14
14:13:43.523 -> 23390, -3262842, 2443607, 19361, 6392088, 14, 261, 354, 14
14:13:43.622 -> 23488, -3262894, 2443606, 19332, 6393534, 14, 261, 354, 14
14:13:43.722 -> 23585, -3262852, 2443593, 19282, 6394034, 14, 261, 354, 14
14:13:43.822 -> 23684, -3262887, 2443565, 19222, 6394008, 14, 261, 354, 14
14:13:43.922 -> 23782, -3262932, 2443517, 19217, 6394002, 14, 261, 354, 14
14:13:44.022 -> 23880, -3263008, 2443575, 19351, 6393803, 14, 261, 354, 14
14:13:44.122 -> 23977, -3263126, 2443583, 19406, 6394241, 14, 260, 354, 14
14:13:44.222 -> 24076, -3263167, 2443584, 19341, 6393831, 14, 261, 354, 14
14:13:44.322 -> 24174, -3263207, 2443589, 19439, 6392773, 14, 261, 354, 14
14:13:44.421 -> 24272, -3263260, 2443526, 19442, 6392883, 14, 261, 354, 14
14:13:44.488 -> 24370, -3263300, 2443455, 19465, 6393675, 14, 260, 354, 14
14:13:44.588 -> 24468, -3263288, 2443377, 19591, 6392927, 14, 260, 354, 14
14:13:44.688 -> 24566, -3263162, 2443289, 19483, 6391876, 14, 260, 354, 14
14:13:44.788 -> 24665, -3263098, 2443236, 19231, 6390919, 14, 261, 354, 14
14:15:59.755 -> 159602, -3267532, 2439863, 6657, 6380348, 35, 272, 312, 32
14:15:59.830 -> 159664, -3266299, 2439855, 6600, 6380883, 34, 272, 312, 32
14:15:59.894 -> 159762, -3265152, 2439895, 6762, 6382068, 32, 270, 311, 30
14:15:59.987 -> 159860, -3264474, 2439913, 6744, 6386572, 32, 271, 311, 31
14:16:00.087 -> 159958, -3264423, 2439927, 6812, 6389385, 36, 273, 313, 34
14:16:00.186 -> 160056, -3265504, 2439926, 7011, 6385658, 28, 268, 309, 27
14:16:00.286 -> 160154, -3266849, 2439950, 7190, 6379084, 26, 267, 308, 25
14:16:00.386 -> 160252, -3267505, 2440016, 7218, 6378521, 26, 266, 307, 26
14:16:00.486 -> 160350, -3267839, 2440136, 7435, 6376908, 26, 266, 307, 25
14:16:00.585 -> 160448, -3267989, 2440129, 7598, 6376442, 25, 266, 307, 25
14:16:00.685 -> 160546, -3268015, 2440060, 7383, 6377469, 25, 266, 307, 24
14:16:00.784 -> 160645, -3267997, 2440004, 7291, 6378049, 25, 266, 307, 25
14:16:00.884 -> 160742, -3267958, 2440005, 7500, 6377626, 24, 265, 307, 25
14:16:00.983 -> 160840, -3267924, 2440066, 7628, 6376154, 25, 266, 307, 25
14:16:01.083 -> 160939, -3267937, 2440070, 7660, 6375782, 25, 266, 307, 24
14:16:01.182 -> 161037, -3267889, 2440114, 7873, 6376393, 25, 266, 307, 25
14:16:01.282 -> 161134, -3267835, 2440174, 7979, 6378454, 25, 265, 307, 25
14:16:01.382 -> 161232, -3267866, 2440160, 7839, 6378601, 25, 265, 306, 24
14:16:01.452 -> 161331, -3267911, 2440114, 7935, 6379299, 25, 266, 306, 24
14:16:01.581 -> 161429, -3267947, 2440096, 8062, 6379229, 25, 265, 307, 24
14:16:01.649 -> 161526, -3268020, 2440113, 8106, 6379286, 25, 265, 307, 24
14:16:01.747 -> 161625, -3268085, 2440086, 8056, 6379292, 25, 265, 307, 24
14:16:01.846 -> 161723, -3268080, 2440161, 8080, 6378651, 25, 265, 307, 24
14:16:01.946 -> 161821, -3268062, 2440192, 8161, 6378590, 25, 265, 307, 24
14:16:02.045 -> 161918, -3268080, 2440237, 8243, 6378070, 25, 266, 307, 24
14:16:02.145 -> 162017, -3268166, 2440255, 8282, 6378235, 25, 266, 307, 24
14:16:02.245 -> 162115, -3268194, 2440220, 8227, 6378278, 25, 265, 307, 24
14:16:02.344 -> 162212, -3268181, 2440197, 8183, 6377518, 25, 265, 307, 24
14:16:02.444 -> 162311, -3268189, 2440257, 8105, 6377739, 24, 266, 307, 24
14:16:02.544 -> 162409, -3268151, 2440371, 8188, 6377454, 25, 266, 307, 24
14:16:02.643 -> 162507, -3268165, 2440354, 8182, 6377112, 25, 266, 307, 24
14:16:02.743 -> 162605, -3268219, 2440362, 8097, 6376443, 25, 266, 307, 24
14:16:02.843 -> 162703, -3268341, 2440479, 8185, 6375880, 25, 266, 307, 24
14:16:02.943 -> 162801, -3268449, 2440543, 8279, 6375492, 25, 266, 307, 24
14:16:03.042 -> 162899, -3268462, 2440469, 8342, 6375679, 25, 266, 307, 24
14:16:03.142 -> 162997, -3268513, 2440462, 8270, 6374121, 25, 265, 307, 24
14:16:03.242 -> 163095, -3268517, 2440441, 8244, 6374574, 25, 266, 307, 24
14:16:03.341 -> 163193, -3268489, 2440469, 8224, 6373901, 24, 266, 307, 24
14:16:03.441 -> 163292, -3268467, 2440505, 8278, 6373787, 24, 266, 307, 24
14:16:03.541 -> 163389, -3268552, 2440480, 8270, 6374438, 24, 266, 307, 24
14:16:03.607 -> 163487, -3268606, 2440519, 8129, 6374719, 24, 266, 307, 24
14:16:03.707 -> 163586, -3268515, 2440642, 8067, 6374688, 24, 266, 307, 24
14:16:03.808 -> 163684, -3268507, 2440687, 7933, 6375204, 24, 266, 307, 24
14:16:03.906 -> 163781, -3268539, 2440732, 7887, 6376038, 25, 266, 307, 24
14:16:04.006 -> 163879, -3268575, 2440795, 7843, 6375753, 24, 266, 307, 24
14:16:04.105 -> 163978, -3268541, 2440820, 7818, 6375925, 24, 266, 307, 24
14:16:04.205 -> 164076, -3268539, 2440757, 7895, 6375694, 25, 266, 307, 24
14:16:04.305 -> 164173, -3268505, 2440782, 8092, 6374363, 25, 265, 307, 24
14:16:04.404 -> 164272, -3268508, 2440821, 8204, 6374071, 25, 266, 307, 24
14:16:04.504 -> 164370, -3268535, 2440890, 8244, 6375055, 25, 265, 307, 24
14:16:55.844 -> 215701, -3275552, 2440121, 49088, 6331738, 33, 206, 366, 32
14:16:55.899 -> 215750, -3275980, 2440129, 49048, 6333735, 35, 208, 367, 33
14:16:55.977 -> 215843, -3276934, 2440163, 49142, 6332878, 32, 205, 366, 31
14:16:56.077 -> 215938, -3278228, 2440224, 49243, 6308135, 22, 198, 360, 22
14:16:56.176 -> 216035, -3279286, 2440280, 49375, 6278231, 21, 197, 360, 20
14:16:56.276 -> 216133, -3280037, 2440229, 49438, 6252248, 22, 198, 360, 21
14:16:56.376 -> 216231, -3280800, 2440170, 49506, 6222415, 21, 197, 360, 20
14:16:56.475 -> 216329, -3281710, 2440224, 49558, 6206656, 21, 198, 360, 20
14:16:56.575 -> 216427, -3282436, 2440306, 49629, 6200012, 21, 198, 360, 21
14:16:56.675 -> 216525, -3282712, 2440352, 49763, 6202352, 21, 198, 360, 21
14:16:56.774 -> 216624, -3282922, 2440328, 49796, 6202281, 21, 198, 360, 20
14:16:56.874 -> 216721, -3283108, 2440319, 49916, 6201365, 21, 198, 360, 20
14:16:56.974 -> 216819, -3283148, 2440371, 49894, 6200229, 21, 198, 360, 20
14:16:57.040 -> 216918, -3283214, 2440427, 49844, 6199414, 21, 198, 360, 20
14:16:57.140 -> 217016, -3283308, 2440445, 49886, 6196169, 21, 198, 360, 20
14:16:57.239 -> 217113, -3283427, 2440467, 49911, 6192545, 21, 198, 360, 20
14:16:57.339 -> 217211, -3283488, 2440496, 50018, 6189635, 21, 198, 359, 21
14:16:57.439 -> 217310, -3283482, 2440536, 50173, 6187160, 21, 199, 359, 20
14:16:57.538 -> 217408, -3283509, 2440488, 50200, 6183771, 20, 198, 359, 20
14:16:57.638 -> 217505, -3283598, 2440526, 50102, 6180626, 21, 198, 360, 20
14:16:57.738 -> 217604, -3283616, 2440528, 50154, 6181079, 21, 199, 360, 20
14:16:57.838 -> 217702, -3283626, 2440485, 50123, 6182413, 21, 199, 360, 20
14:16:57.938 -> 217800, -3283703, 2440502, 49971, 6182321, 21, 199, 360, 20
14:16:58.038 -> 217897, -3283748, 2440489, 49887, 6181472, 20, 198, 359, 20
14:16:58.137 -> 217996, -3283793, 2440499, 49779, 6180924, 20, 198, 359, 20
14:16:58.237 -> 218094, -3283810, 2440564, 49729, 6180442, 20, 198, 359, 20
14:16:58.336 -> 218192, -3283804, 2440629, 49720, 6179888, 20, 198, 359, 20
14:16:58.435 -> 218290, -3283801, 2440699, 49740, 6179744, 20, 198, 359, 20
14:16:58.535 -> 218388, -3283804, 2440669, 49537, 6179282, 20, 198, 359, 19
14:16:58.634 -> 218486, -3283885, 2440689, 49327, 6179814, 21, 199, 359, 19
14:16:58.734 -> 218585, -3283998, 2440776, 49218, 6179194, 20, 198, 359, 20
14:16:58.834 -> 218682, -3284070, 2440729, 49292, 6178807, 20, 198, 359, 20
14:16:58.933 -> 218780, -3284139, 2440656, 49439, 6178332, 20, 199, 359, 19
14:16:59.033 -> 218878, -3284190, 2440666, 49520, 6179104, 20, 198, 360, 19
14:16:59.099 -> 218977, -3284199, 2440660, 49481, 6179840, 19, 198, 360, 20
14:16:59.199 -> 219074, -3284170, 2440554, 49478, 6180063, 20, 198, 360, 19
14:16:59.299 -> 219172, -3284188, 2440457, 49505, 6180014, 20, 198, 360, 19
14:16:59.398 -> 219271, -3284231, 2440384, 49485, 6180404, 20, 198, 360, 19
14:16:59.498 -> 219369, -3284268, 2440274, 49377, 6182494, 20, 198, 360, 19
14:16:59.598 -> 219466, -3284302, 2440305, 49169, 6181530, 20, 198, 360, 19
14:16:59.698 -> 219565, -3284382, 2440328, 49283, 6182224, 20, 198, 360, 19
14:16:59.797 -> 219663, -3284384, 2440297, 49265, 6181732, 20, 198, 359, 19
14:16:59.897 -> 219761, -3284394, 2440237, 49192, 6180143, 20, 198, 360, 19
14:16:59.997 -> 219858, -3284434, 2440230, 49154, 6179293, 20, 198, 360, 19
14:17:00.096 -> 219957, -3284503, 2440173, 49104, 6180501, 20, 198, 360, 19
14:17:00.196 -> 220055, -3284520, 2440141, 49337, 6180886, 20, 198, 359, 19
14:17:00.296 -> 220153, -3284518, 2440152, 49242, 6180510, 20, 199, 360, 19
14:17:00.396 -> 220251, -3284475, 2440117, 49191, 6180151, 20, 199, 360, 19
14:17:00.495 -> 220349, -3284493, 2440057, 49192, 6180080, 20, 199, 360, 19
14:17:00.595 -> 220447, -3284507, 2440040, 49198, 6179527, 20, 199, 360, 19
14:17:26.128 -> 245975, -3290206, 2436794, 58714, 6136362, 19, 35, 287, 19
14:17:26.187 -> 246051, -3290216, 2436811, 58179, 6133626, 19, 35, 287, 19
14:17:26.294 -> 246146, -3289511, 2436773, 58220, 6132819, 19, 34, 287, 18
14:17:26.361 -> 246239, -3287142, 2436712, 58525, 6134209, 19, 35, 287, 18
14:17:26.460 -> 246332, -3286701, 2436758, 58560, 6135778, 19, 34, 287, 18
14:17:26.560 -> 246427, -3288241, 2436793, 58405, 6135325, 19, 34, 287, 18
14:17:26.660 -> 246525, -3288676, 2436838, 58663, 6132917, 19, 34, 287, 18
14:17:26.759 -> 246624, -3288819, 2436870, 58903, 6130466, 19, 35, 287, 18
14:17:26.859 -> 246721, -3288970, 2436885, 58730, 6129740, 19, 35, 287, 18
14:17:26.959 -> 246819, -3289093, 2436946, 58546, 6130638, 19, 35, 286, 18
14:17:27.058 -> 246918, -3289178, 2437035, 58751, 6131063, 19, 34, 287, 18
14:17:27.158 -> 247016, -3289235, 2437038, 58871, 6130337, 19, 34, 287, 18
14:17:27.258 -> 247113, -3289301, 2436991, 58773, 6130591, 18, 34, 287, 18
14:17:27.358 -> 247212, -3289368, 2436990, 58731, 6129395, 19, 35, 287, 18
14:17:27.457 -> 247310, -3289343, 2437031, 58942, 6129104, 19, 35, 287, 18
14:17:27.557 -> 247408, -3289355, 2437012, 58912, 6130137, 18, 35, 287, 18
14:17:27.657 -> 247505, -3289390, 2436998, 58785, 6130449, 19, 35, 287, 18
14:17:27.756 -> 247604, -3289412, 2436988, 58787, 6130182, 19, 35, 287, 18
14:17:27.856 -> 247702, -3289426, 2437006, 58814, 6129796, 18, 35, 287, 18
14:17:27.922 -> 247799, -3289475, 2437116, 58849, 6130891, 18, 35, 288, 18
14:17:28.022 -> 247898, -3289572, 2437128, 58868, 6130725, 19, 34, 287, 18
14:17:28.122 -> 247996, -3289654, 2437147, 58808, 6129375, 19, 34, 287, 18
14:17:28.221 -> 248094, -3289724, 2437202, 58829, 6129578, 19, 35, 287, 18
14:17:28.321 -> 248192, -3289659, 2437200, 58960, 6127752, 19, 35, 287, 18
14:17:28.421 -> 248290, -3289652, 2437250, 58998, 6127084, 19, 35, 287, 18
14:17:28.520 -> 248388, -3289663, 2437334, 59012, 6127645, 19, 34, 288, 18
14:17:28.619 -> 248486, -3289664, 2437423, 59215, 6127105, 18, 35, 287, 19
14:17:28.719 -> 248584, -3289663, 2437386, 59117, 6126172, 18, 35, 288, 18
14:17:28.819 -> 248682, -3289733, 2437347, 59217, 6125996, 19, 34, 288, 18
14:17:28.919 -> 248780, -3289750, 2437373, 59329, 6126368, 19, 35, 288, 18
14:17:29.018 -> 248879, -3289679, 2437393, 59363, 6126064, 19, 35, 288, 18
14:17:29.118 -> 248976, -3289758, 2437463, 59428, 6124895, 19, 34, 288, 18
14:17:29.218 -> 249074, -3289802, 2437484, 59483, 6123964, 19, 35, 288, 18
14:17:29.317 -> 249172, -3289883, 2437514, 59387, 6124471, 19, 35, 288, 18
14:17:29.417 -> 249271, -3289884, 2437559, 59340, 6123663, 19, 35, 288, 18
14:17:29.517 -> 249368, -3289907, 2437542, 59402, 6124032, 19, 34, 288, 18
14:17:29.616 -> 249466, -3289984, 2437565, 59465, 6124705, 19, 35, 288, 18
14:17:29.716 -> 249565, -3290028, 2437533, 59377, 6125510, 19, 34, 288, 18
14:17:29.815 -> 249663, -3289963, 2437524, 59467, 6126380, 20, 35, 288, 18
14:17:29.883 -> 249760, -3289970, 2437558, 59617, 6126347, 18, 35, 288, 18
14:17:29.984 -> 249859, -3289942, 2437607, 59673, 6126145, 19, 34, 288, 19
14:17:30.081 -> 249957, -3289928, 2437610, 59557, 6126867, 18, 34, 288, 18
14:17:30.181 -> 250055, -3289940, 2437617, 59482, 6126382, 19, 35, 288, 18
14:17:30.280 -> 250152, -3289923, 2437608, 59598, 6125557, 19, 35, 288, 18
14:17:30.380 -> 250251, -3289880, 2437669, 59633, 6125314, 19, 35, 288, 18
14:17:30.480 -> 250349, -3289889, 2437670, 59581, 6125798, 19, 35, 288, 18
14:17:30.579 -> 250447, -3289876, 2437697, 59581, 6126680, 19, 35, 288, 18
14:17:30.679 -> 250545, -3289830, 2437745, 59456, 6127220, 18, 35, 288, 18
14:17:30.778 -> 250643, -3289813, 2437830, 59415, 6127969, 19, 35, 288, 18
14:17:30.878 -> 250741, -3289782, 2437868, 59371, 6127693, 19, 35, 288, 18
14:18:09.997 -> 289855, -3296548, 2440173, 26910, 6152530, 37, 274, 370, 36
14:18:10.064 -> 289914, -3297215, 2440206, 26734, 6152615, 43, 278, 374, 41
14:18:10.164 -> 290008, -3298275, 2440183, 26581, 6196869, 48, 281, 376, 46
14:18:10.230 -> 290102, -3301655, 2440229, 26656, 6414274, 50, 282, 377, 47
14:18:10.330 -> 290195, -3303574, 2440327, 26944, 6509789, 48, 282, 377, 46
14:18:10.429 -> 290288, -3305784, 2440349, 27059, 6456845, 35, 274, 369, 35
14:18:10.529 -> 290382, -3306185, 2440404, 27196, 6426905, 23, 265, 362, 22
14:18:10.629 -> 290476, -3305103, 2440435, 27203, 6421664, 23, 264, 362, 22
14:18:10.695 -> 290569, -3307775, 2440437, 26940, 6418604, 23, 264, 362, 22
14:18:10.795 -> 290663, -3309474, 2440398, 26917, 6417612, 23, 264, 362, 22
14:18:10.894 -> 290756, -3309685, 2440381, 26843, 6415073, 23, 264, 362, 22
14:18:10.994 -> 290849, -3309752, 2440319, 26774, 6411946, 23, 263, 362, 22
14:18:11.094 -> 290944, -3309817, 2440323, 26822, 6411523, 22, 264, 362, 22
14:18:11.160 -> 291037, -3309745, 2440400, 26930, 6409919, 23, 264, 362, 22
14:18:11.259 -> 291132, -3309731, 2440400, 27024, 6409006, 23, 264, 362, 22
14:18:11.359 -> 291230, -3309762, 2440435, 27026, 6407067, 22, 264, 362, 22
14:18:11.459 -> 291329, -3309754, 2440461, 27029, 6405606, 22, 263, 362, 22
14:18:11.559 -> 291426, -3309718, 2440495, 26829, 6404061, 22, 263, 362, 22
14:18:11.658 -> 291524, -3309749, 2440466, 26815, 6401536, 22, 263, 362, 22
14:18:11.758 -> 291622, -3309728, 2440458, 26943, 6400320, 22, 263, 362, 22
14:18:11.857 -> 291721, -3309711, 2440439, 27083, 6399739, 22, 264, 362, 22
14:18:11.957 -> 291818, -3309706, 2440406, 27048, 6398007, 22, 263, 362, 22
14:18:12.057 -> 291916, -3309732, 2440499, 27011, 6395521, 22, 264, 362, 22
14:18:12.156 -> 292015, -3309676, 2440473, 27050, 6393184, 22, 263, 362, 22
14:18:12.256 -> 292113, -3309649, 2440424, 27090, 6392787, 22, 263, 362, 21
14:18:12.355 -> 292210, -3309619, 2440462, 27142, 6391871, 22, 263, 362, 22
14:18:12.455 -> 292308, -3309695, 2440409, 27134, 6390564, 22, 263, 362, 22
14:18:12.555 -> 292407, -3309709, 2440345, 27244, 6389962, 22, 263, 362, 22
14:18:12.655 -> 292504, -3309751, 2440315, 27281, 6389970, 22, 263, 362, 22
14:18:12.754 -> 292602, -3309714, 2440324, 27219, 6389963, 22, 263, 362, 22
14:18:12.854 -> 292701, -3309687, 2440328, 27073, 6389815, 22, 263, 362, 22
14:18:12.953 -> 292799, -3309721, 2440346, 27115, 6390170, 22, 263, 362, 22
14:18:13.019 -> 292896, -3309783, 2440341, 27237, 6390539, 22, 263, 362, 22
14:18:13.118 -> 292995, -3309744, 2440338, 27270, 6389466, 22, 263, 363, 22
14:18:13.218 -> 293093, -3309754, 2440339, 27223, 6390617, 22, 264, 363, 22
14:18:13.318 -> 293191, -3309766, 2440299, 27139, 6389672, 22, 263, 363, 22
14:18:13.417 -> 293288, -3309844, 2440313, 27043, 6389251, 22, 263, 363, 22
14:18:13.517 -> 293387, -3309869, 2440305, 26973, 6389221, 22, 264, 363, 22
14:18:13.617 -> 293485, -3309865, 2440298, 26921, 6388097, 22, 263, 363, 22
14:18:13.716 -> 293583, -3309942, 2440253, 26841, 6388346, 22, 263, 363, 21
14:18:13.816 -> 293681, -3310005, 2440227, 26748, 6388661, 22, 263, 363, 21
14:18:13.916 -> 293779, -3310058, 2440081, 26690, 6388794, 22, 264, 363, 22
14:18:14.015 -> 293877, -3310091, 2440133, 26680, 6388750, 22, 263, 363, 22
14:18:14.115 -> 293976, -3310093, 2440128, 26596, 6388477, 22, 263, 362, 22
14:18:14.215 -> 294073, -3310074, 2440099, 26552, 6389245, 22, 263, 363, 22
14:18:14.314 -> 294171, -3310088, 2440088, 26488, 6389571, 22, 263, 363, 22
14:18:14.414 -> 294269, -3310088, 2440104, 26337, 6390016, 22, 263, 363, 22
14:18:14.514 -> 294367, -3310099, 2440051, 26290, 6390812, 22, 263, 363, 22
14:18:14.614 -> 294465, -3310102, 2440020, 26408, 6390197, 22, 263, 363, 21
14:18:14.713 -> 294563, -3310098, 2439962, 26456, 6389039, 22, 264, 363, 21
14:19:07.320 -> 347170, -3070015, 2423832, -15159, 1814299, 12, 12, 12, 12
14:19:07.386 -> 347243, -3069618, 2423861, -15130, 1814530, 12, 12, 12, 11
14:19:07.486 -> 347336, -3069378, 2423905, -15237, 1814802, 12, 11, 11, 11
14:19:07.586 -> 347430, -3068353, 2423914, -15193, 1814984, 11, 11, 11, 11
14:19:07.652 -> 347524, -3067842, 2424033, -14856, 1815345, 12, 12, 12, 12
14:19:07.752 -> 347617, -3068895, 2424225, -14597, 1816726, 12, 12, 12, 12
14:19:07.852 -> 347711, -3070065, 2424282, -14526, 1839806, 12, 12, 12, 12
14:19:07.952 -> 347804, -3070825, 2424346, -14453, 1887851, 12, 12, 12, 12
14:19:08.051 -> 347897, -3071573, 2424392, -14455, 1901332, 12, 12, 11, 12
14:19:08.118 -> 347992, -3072168, 2424407, -14475, 1903346, 12, 12, 12, 12
14:19:08.217 -> 348088, -3072357, 2424436, -14446, 1904164, 12, 12, 12, 12
14:19:08.317 -> 348186, -3072372, 2424436, -14363, 1904766, 12, 12, 12, 12
14:19:08.417 -> 348284, -3072351, 2424413, -14262, 1905769, 12, 12, 12, 12
14:19:08.517 -> 348382, -3072515, 2424409, -14228, 1906372, 12, 11, 12, 12
14:19:08.616 -> 348480, -3072543, 2424403, -14191, 1907229, 12, 12, 12, 12
14:19:08.716 -> 348578, -3072470, 2424507, -13977, 1907413, 12, 12, 12, 11
14:19:08.816 -> 348677, -3072627, 2424530, -13912, 1907369, 12, 12, 11, 12
14:19:08.915 -> 348774, -3072696, 2424580, -13870, 1907565, 12, 12, 11, 12
14:19:09.015 -> 348872, -3072610, 2424629, -13816, 1908185, 12, 12, 12, 11
14:19:09.114 -> 348971, -3072653, 2424684, -13671, 1908765, 12, 12, 11, 12
14:19:09.214 -> 349069, -3072802, 2424737, -13563, 1909245, 12, 12, 12, 12
14:19:09.314 -> 349166, -3072921, 2424766, -13577, 1909518, 12, 12, 12, 12
14:19:09.413 -> 349264, -3072863, 2424722, -13584, 1909603, 12, 12, 12, 12
14:19:09.513 -> 349363, -3072657, 2424830, -13486, -464598, 12, 12, 12, 12
14:19:09.613 -> 349460, -3072655, 2424873, -13416, -3145729, 12, 12, 12, 12
14:19:09.712 -> 349558, -3072764, 2424864, -13523, 1910617, 12, 12, 12, 12
14:19:09.812 -> 349657, -3072858, 2424828, -13543, 1910781, 12, 12, 12, 12
14:19:09.879 -> 349755, -3072935, 2424884, -13362, 1911019, 12, 12, 12, 12
14:19:09.978 -> 349852, -3072849, 2424903, -13211, 1911038, 12, 12, 11, 12
14:19:10.078 -> 349950, -3072867, 2424990, -13140, 1910899, 13, 13, 13, 13
14:19:10.177 -> 350049, -3073025, 2425065, -13149, 1910782, 13, 12, 13, 12
14:19:10.277 -> 350147, -3073054, 2425007, -13106, 1910770, 12, 12, 13, 12
14:19:10.377 -> 350244, -3073049, 2424984, -13045, 1910776, 13, 13, 12, 12
14:19:10.477 -> 350343, -3072995, 2425069, -12902, 1910709, 12, 12, 12, 12
14:19:10.576 -> 350441, -3072975, 2425224, -12652, 1911106, 12, 12, 12, 12
14:19:10.676 -> 350539, -3072922, 2425284, -12529, 1911506, 12, 12, 12, 12
14:19:10.776 -> 350637, -3072919, 2425270, -12568, 1911723, 12, 12, 12, 12
14:19:10.876 -> 350735, -3072976, 2425305, -12499, 1912108, 12, 12, 12, 12
14:19:10.976 -> 350833, -3073067, 2425285, -12479, 1912601, 12, 12, 12, 12
14:19:11.075 -> 350931, -3073120, 2425238, -12452, 1912828, 12, 12, 12, 12
14:19:11.175 -> 351029, -3073200, 2425178, -12544, 1912821, 12, 12, 12, 12
14:19:11.274 -> 351127, -3073199, 2425235, -12486, 1913065, 12, 12, 12, 12
14:19:11.375 -> 351225, -3073202, 2425356, -12415, 1913492, 12, 12, 12, 12
14:19:11.474 -> 351324, -3073229, 2425326, -12459, 1913586, 12, 12, 12, 12
14:19:11.574 -> 351421, -3073343, 2425234, -12591, 1913545, 12, 12, 12, 12
14:19:11.674 -> 351519, -3073392, 2425140, -12609, 1913742, 12, 12, 12, 12
14:19:11.773 -> 351618, -3073379, 2425104, -12653, 1913811, 12, 12, 12, 12
14:19:11.840 -> 351716, -3073428, 2425076, -12728, 1913810, 12, 12, 12, 12
14:19:11.940 -> 351813, -3073412, 2425153, -12678, 1914034, 12, 12, 12, 12
14:19:12.039 -> 351911, -3073353, 2425153, -12619, 1914183, 12, 12, 12, 12
14:19:13.438 -> 353287, -3072304, 2425307, -12104, 1914317, 13, 12, 12, 12
14:19:13.538 -> 353382, -3072199, 2425355, -12063, 1914304, 13, 12, 13, 13
14:19:13.604 -> 353480, -3072013, 2425389, -12309, 1914332, 11, 11, 11, 11
14:19:13.704 -> 353579, -3072016, 2425345, -12411, 1914377, 11, 11, 11, 11
14:19:13.804 -> 353676, -3072653, 2425414, -12173, 1914767, 11, 11, 11, 11
14:19:13.904 -> 353774, -3073429, 2425530, -11979, 1916120, 12, 12, 12, 12
14:19:14.003 -> 353872, -3073710, 2425505, -12004, 1917489, 12, 12, 12, 12
14:19:14.103 -> 353971, -3073858, 2425528, -12022, 1917446, 12, 12, 12, 12
14:19:14.203 -> 354068, -3073947, 2425624, -11915, 1917141, 12, 12, 11, 12
14:19:14.303 -> 354166, -3073993, 2425611, -11756, 1916975, 12, 12, 12, 12
14:19:14.403 -> 354265, -3074077, 2425583, -11691, 1917077, 12, 11, 11, 11
14:19:14.502 -> 354363, -3074093, 2425646, -11692, 1917065, 13, 13, 13, 13
14:19:14.602 -> 354460, -3074050, 2425633, -11746, 1916965, 13, 13, 13, 13
14:19:14.702 -> 354558, -3074030, 2425583, -11876, 1916784, 13, 13, 13, 13
14:19:14.801 -> 354657, -3074036, 2425588, -11893, 1916910, 13, 13, 13, 13
14:19:14.901 -> 354755, -3074051, 2425572, -11873, 1917072, 12, 12, 12, 12
14:19:15.000 -> 354852, -3074132, 2425560, -11948, 1916996, 12, 12, 12, 12
14:19:15.100 -> 354951, -3074207, 2425516, -11946, 1917247, 12, 12, 12, 12
14:19:15.200 -> 355049, -3074199, 2425574, -11831, 1917359, 12, 12, 12, 12
14:19:15.299 -> 355146, -3074187, 2425670, -11768, 1917800, 12, 12, 12, 12
14:19:15.399 -> 355245, -3074221, 2425727, -11743, 1917941, 12, 12, 12, 12
14:19:15.499 -> 355343, -3074255, 2425708, -11703, 1918023, 12, 12, 12, 12
14:19:15.598 -> 355441, -3074267, 2425762, -11626, 1918158, 12, 12, 12, 12
14:19:15.665 -> 355538, -3074270, 2425802, -11586, 1918097, 12, 12, 12, 12
14:19:15.765 -> 355637, -3074319, 2425741, -11595, 1917806, 12, 12, 12, 12
14:19:15.864 -> 355735, -3074303, 2425674, -11584, 1917614, 12, 12, 12, 12
14:19:15.964 -> 355833, -3074247, 2425714, -11445, 1917281, 12, 12, 12, 12
14:19:16.063 -> 355931, -3074259, 2425791, -11298, 1916860, 12, 12, 12, 12
14:19:16.163 -> 356029, -3074327, 2425805, -11304, 1916912, 12, 12, 12, 12
14:19:16.263 -> 356127, -3074355, 2425695, -11321, 1917822, 12, 12, 12, 12
14:19:16.363 -> 356226, -3074382, 2425555, -11416, 1917736, 12, 12, 12, 12
14:19:16.462 -> 356323, -3074435, 2425579, -11456, 1917728, 12, 12, 12, 12
14:19:16.562 -> 356421, -3074441, 2425638, -11349, 1917786, 12, 12, 12, 12
14:19:16.662 -> 356519, -3074418, 2425597, -11401, 1917772, 12, 12, 12, 11
14:19:16.761 -> 356617, -3074480, 2425669, -11504, 1917624, 12, 11, 11, 11
14:19:16.861 -> 356715, -3074500, 2425655, -11449, 1917403, 11, 11, 11, 11
14:19:16.961 -> 356813, -3074489, 2425644, -11320, 1917219, 11, 11, 11, 11
14:19:17.061 -> 356912, -3074510, 2425727, -11379, 1917310, 11, 11, 11, 11
14:19:17.161 -> 357009, -3074507, 2425764, -11351, 1917466, 11, 11, 11, 11
14:19:17.260 -> 357107, -3074405, 2425708, -11538, 1917348, 11, 11, 11, 11
14:19:17.360 -> 357206, -3074272, 2425734, -11608, 1917305, 11, 11, 11, 11
14:19:17.460 -> 357304, -3074285, 2425810, -11510, 1917504, 11, 11, 11, 9
14:19:17.526 -> 357401, -3074342, 2425869, -11432, 1917660, 11, 11, 11, 11
14:19:17.626 -> 357499, -3074352, 2425870, -11441, 1917720, 11, 11, 11, 11
14:19:17.726 -> 357598, -3074330, 2425922, -11225, 1917791, 11, 11, 11, 11
14:19:17.825 -> 357696, -3074336, 2425949, -11133, 1917890, 11, 11, 11, 11
14:19:17.925 -> 357793, -3074375, 2426041, -11061, 1917994, 11, 11, 11, 11
14:19:18.025 -> 357892, -3074368, 2426093, -11100, 1918062, 11, 11, 11, 11
14:19:18.125 -> 357990, -3074332, 2426041, -11129, 1918094, 11, 11, 11, 11
14:19:18.225 -> 358087, -3074273, 2426046, -11129, 1918154, 11, 11, 11, 11
14:19:18.957 -> 358805, -3073792, 2426266, -11382, 1917955, 11, 11, 11, 11
14:19:19.005 -> 358879, -3072889, 2426246, -11392, 1917712, 11, 11, 12, 12
14:19:19.123 -> 358970, -3072281, 2426304, -11373, 1917741, 11, 11, 11, 11
14:19:19.222 -> 359068, -3072196, 2426409, -11450, 1917789, 12, 11, 12, 12
14:19:19.321 -> 359165, -3072749, 2426597, -11374, 1918385, 11, 12, 11, 11
14:19:19.421 -> 359264, -3073489, 2426676, -11170, 1919561, 11, 11, 11, 11
14:19:19.487 -> 359362, -3073705, 2426734, -11079, 1920644, 12, 11, 11, 11
14:19:19.587 -> 359460, -3073759, 2426738, -11023, 1922606, 11, 11, 11, 11
14:19:19.687 -> 359558, -3073672, 2426747, -11078, 1925602, 11, 11, 11, 11
14:19:19.786 -> 359656, -3073513, 2426769, -11198, 1931582, 11, 11, 11, 11
14:19:19.886 -> 359754, -3073523, 2426833, -11163, 1938398, 11, 11, 11, 11
14:19:19.986 -> 359853, -3073604, 2426842, -11143, 1942835, 11, 11, 11, 11
14:19:20.085 -> 359950, -3073783, 2426885, -11190, 1946851, 11, 11, 11, 11
14:19:20.185 -> 360048, -3073936, 2426911, -11178, 1947975, 11, 11, 11, 11
14:19:20.284 -> 360146, -3073914, 2426878, -11118, 1948995, 11, 11, 11, 11
14:19:20.384 -> 360245, -3073895, 2426892, -11204, 1949808, 11, 11, 11, 11
14:19:20.484 -> 360342, -3073852, 2426986, -11184, 1950373, 11, 11, 11, 11
14:19:20.584 -> 360440, -3073821, 2426989, -11061, 1951002, 11, 11, 11, 11
14:19:20.683 -> 360539, -3073839, 2427071, -11046, 1951844, 11, 11, 11, 11
14:19:20.783 -> 360637, -3073850, 2427139, -11132, 1952738, 11, 11, 11, 11
14:19:20.883 -> 360734, -3073845, 2427230, -10974, 1953135, 11, 11, 11, 11
14:19:20.983 -> 360833, -3073838, 2427238, -10862, 1953740, 11, 11, 11, 11
14:19:21.083 -> 360931, -3073763, 2427271, -10945, 1954221, 11, 11, 11, 11
14:19:21.182 -> 361029, -3073763, 2427318, -10922, 1954522, 11, 11, 11, 11
14:19:21.282 -> 361126, -3073799, 2427355, -10888, 1954627, 11, 11, 11, 11
14:19:21.349 -> 361225, -3073681, 2427388, -10849, 1954794, 11, 11, 11, 11
14:19:21.448 -> 361323, -3073492, 2427396, -10775, 1954972, 11, 11, 11, 11
14:19:21.548 -> 361421, -3073407, 2427459, -10648, 1955013, 11, 11, 11, 11
14:19:21.648 -> 361519, -3073339, 2427552, -10644, 1955195, 11, 11, 11, 11
14:19:21.747 -> 361617, -3073317, 2427676, -10714, 1955470, 11, 11, 11, 11
14:19:21.847 -> 361715, -3073376, 2427711, -10604, 1955449, 11, 11, 11, 11
14:19:21.947 -> 361814, -3073406, 2427753, -10553, 1955539, 11, 11, 11, 11
14:19:22.047 -> 361911, -3073447, 2427800, -10626, 1955811, 11, 11, 11, 11
14:19:22.147 -> 362009, -3073490, 2427849, -10813, 1956008, 11, 11, 11, 11
14:19:22.247 -> 362107, -3073460, 2427920, -10864, 1955906, 12, 12, 12, 12
14:19:22.347 -> 362206, -3073450, 2427949, -10770, 1955839, 12, 12, 12, 12
14:19:22.446 -> 362303, -3073419, 2427984, -10798, 1955954, 12, 12, 12, 12
14:19:22.546 -> 362401, -3073320, 2428034, -10754, 1955992, 12, 12, 12, 12
14:19:22.646 -> 362500, -3073253, 2428102, -10679, 1955849, 12, 12, 12, 12
14:19:22.745 -> 362597, -3073282, 2428156, -10743, 1955937, 12, 12, 12, 12
14:19:22.845 -> 362695, -3073258, 2428150, -10632, 1956275, 12, 12, 12, 12
14:19:22.945 -> 362793, -3073241, 2428139, -10407, 1956846, 12, 12, 12, 12
14:19:23.045 -> 362892, -3073237, 2428160, -10461, 1957138, 12, 12, 12, 12
14:19:23.144 -> 362989, -3073203, 2428248, -10466, 1957425, 12, 12, 12, 12
14:19:23.244 -> 363087, -3073208, 2428330, -10460, 1957669, 12, 12, 12, 12
14:19:23.310 -> 363186, -3073239, 2428418, -10415, 1957826, 12, 12, 12, 12
14:19:23.410 -> 363284, -3073195, 2428524, -10274, 1957904, 12, 12, 12, 12
14:19:23.510 -> 363381, -3073121, 2428497, -10280, 1957953, 12, 12, 12, 12
14:19:23.609 -> 363480, -3073094, 2428502, -10276, 1958047, 12, 12, 12, 12
14:19:23.709 -> 363578, -3073169, 2428600, -10268, 1958152, 12, 12, 12, 12
14:19:24.308 -> 364180, -3072629, 2428551, -10159, 1957796, 12, 12, 12, 12
14:19:24.408 -> 364265, -3071732, 2428556, -10221, 1957435, 12, 12, 12, 12
14:19:24.507 -> 364362, -3071025, 2428573, -10253, 1957374, 10, 11, 11, 10
14:19:24.607 -> 364460, -3071009, 2428739, -10146, 1957381, 11, 10, 10, 10
14:19:24.707 -> 364558, -3071846, 2428889, -9854, 1957903, 10, 10, 11, 10
14:19:24.807 -> 364656, -3072328, 2428928, -9668, 1961243, 11, 10, 10, 10
14:19:24.907 -> 364754, -3072370, 2428950, -9662, 1963239, 11, 10, 10, 11
14:19:25.007 -> 364852, -3072291, 2428978, -9750, 1965133, 11, 11, 10, 10
14:19:25.106 -> 364950, -3072273, 2428973, -9736, 1966885, 11, 11, 11, 10
14:19:25.173 -> 365048, -3072341, 2428930, -9646, 1968420, 11, 10, 11, 10
14:19:25.273 -> 365146, -3072351, 2428983, -9717, 1969827, 11, 10, 10, 10
14:19:25.373 -> 365244, -3072371, 2429025, -9706, 1971022, 11, 11, 10, 11
14:19:25.472 -> 365342, -3072410, 2429016, -9719, 1972248, 11, 10, 11, 10
14:19:25.572 -> 365441, -3072420, 2429086, -9655, 1973477, 11, 11, 10, 11
14:19:25.672 -> 365538, -3072434, 2429126, -9601, 1974629, 10, 11, 11, 10
14:19:25.771 -> 365636, -3072413, 2429173, -9499, 1976669, 11, 10, 10, 11
14:19:25.871 -> 365734, -3072398, 2429199, -9587, 1977467, 11, 11, 11, 10
14:19:25.971 -> 365833, -3072435, 2429188, -9651, 1978051, 11, 11, 11, 11
14:19:26.071 -> 365930, -3072535, 2429237, -9633, 1978544, 11, 11, 10, 10
14:19:26.170 -> 366028, -3072546, 2429264, -9627, 1978940, 11, 11, 11, 11
14:19:26.270 -> 366127, -3072585, 2429263, -9557, 1979333, 11, 11, 11, 11
14:19:26.370 -> 366225, -3072652, 2429306, -9581, 1979747, 11, 11, 11, 10
14:19:26.470 -> 366322, -3072641, 2429319, -9595, 1980339, 11, 11, 10, 11
14:19:26.569 -> 366420, -3072597, 2429337, -9474, 1980876, 11, 11, 10, 11
14:19:26.669 -> 366519, -3072605, 2429367, -9459, 1981453, 11, 10, 11, 11
14:19:26.769 -> 366616, -3072624, 2429385, -9527, 1982715, 11, 11, 10, 11
14:19:26.869 -> 366714, -3072677, 2429377, -9432, 1983309, 11, 11, 11, 11
14:19:26.968 -> 366813, -3072604, 2429404, -9330, 1983870, 11, 10, 10, 11
14:19:27.035 -> 366911, -3072567, 2429483, -9254, 1984165, 11, 11, 10, 11
14:19:27.134 -> 367008, -3072623, 2429489, -9260, 1984351, 10, 11, 10, 11
14:19:27.234 -> 367107, -3072656, 2429447, -9278, 1984557, 11, 10, 10, 10
14:19:27.334 -> 367205, -3072706, 2429376, -9240, 1984940, 11, 11, 10, 11
14:19:27.434 -> 367303, -3072747, 2429307, -9201, 1985589, 11, 10, 10, 11
14:19:27.534 -> 367400, -3072900, 2429188, -9148, 1986113, 11, 10, 10, 11
14:19:27.634 -> 367499, -3073017, 2429035, -9165, 1986392, 10, 11, 10, 11
14:19:27.734 -> 367597, -3073036, 2428849, -9247, 1987092, 11, 11, 10, 11
14:19:27.834 -> 367695, -3073037, 2428732, -9331, 1987403, 11, 10, 10, 11
14:19:27.934 -> 367793, -3073053, 2428610, -9270, 1987829, 11, 11, 10, 10
14:19:28.034 -> 367891, -3073107, 2428576, -9205, 1988154, 11, 11, 11, 10
14:19:28.133 -> 367989, -3073138, 2428606, -9226, 1988601, 11, 10, 10, 10
14:19:28.233 -> 368088, -3073163, 2428580, -9146, 1989059, 11, 10, 10, 10
14:19:28.333 -> 368185, -3073180, 2428548, -9123, 1989306, 11, 10, 10, 10
14:19:28.433 -> 368283, -3073187, 2428449, -9092, 1989579, 11, 10, 11, 10
14:19:28.532 -> 368381, -3073271, 2428396, -9133, 1989822, 11, 10, 10, 11
14:19:28.632 -> 368480, -3073346, 2428341, -9021, 1990302, 11, 10, 10, 11
14:19:28.732 -> 368577, -3073435, 2428193, -9080, 1990563, 11, 10, 11, 10
14:19:28.832 -> 368675, -3073444, 2428067, -9055, 1991085, 11, 10, 10, 10
14:19:28.898 -> 368774, -3073423, 2428026, -9072, 1991509, 11, 11, 10, 10
14:19:28.998 -> 368872, -3073457, 2428028, -9219, 1991812, 11, 10, 10, 11
14:19:29.098 -> 368969, -3073441, 2427996, -9385, 1992256, 11, 10, 10, 10
