17:29:38.343 -> 2579975, -3791356, 2302420, 50505, 2724556, 212, 129, 1, 1
17:29:39.342 -> 2580979, -3769052, 2153849, -194853, 2724904, 278, 107, 0, 1
17:29:40.374 -> 2581983, -3914239, 2234550, -134918, 2529145, 258, 138, 8, 1
17:29:41.372 -> 2582987, -3958799, 2337239, 56505, 2456496, 146, 150, 12, 1
17:29:42.372 -> 2583992, -3896257, 2282999, -100810, 2471575, 272, 162, 1, 1
17:29:43.370 -> 2584996, -3950115, 2235968, -35370, 2565839, 202, 128, 172, 33
17:29:44.368 -> 2586000, -3952183, 2277947, -74293, 2334236, 247, 162, 9, 1
17:29:45.368 -> 2587004, -3978827, 2233661, -1161, 2376709, 147, 122, 170, 35
17:29:46.399 -> 2588009, -3947361, 2322974, 35914, 2269245, 41, 144, 81, 1
17:29:47.398 -> 2589012, -3958623, 2133387, -149066, 2292430, 110, 79, 0, 0
17:29:48.396 -> 2590017, -3751222, 2322502, 76768, 2418118, 127, 1, 0, 1
17:29:49.395 -> 2591022, -3980353, 2241221, -28722, 2210965, 2, 74, 1, 0
17:29:50.395 -> 2592025, -3934128, 2228468, -151875, 2213145, 228, 99, 0, 1
17:29:51.394 -> 2593030, -3754187, 2162798, -380686, 2350526, 237, 118, 0, 0
17:29:52.425 -> 2594033, -3883937, 2260119, -199008, 2091804, 236, 117, 0, 0
17:29:53.424 -> 2595038, -3948594, 2234534, -58605, 2244814, 193, 67, 199, 1
17:29:54.423 -> 2596042, -4065779, 2273478, 10836, 2232181, 240, 62, 182, 1
17:29:55.422 -> 2597047, -3782679, 2160678, -364788, 2318820, 246, 74, 109, 1
17:29:56.420 -> 2598050, -4102907, 2285866, 70938, 2246933, 0, 1, 159, 0
17:29:57.420 -> 2599055, -3830238, 2069775, -127406, 2395736, 1, 80, 1, 6
17:29:58.418 -> 2600058, -3913074, 2089307, -143076, 2323873, 48, 99, 0, 17
17:29:59.451 -> 2601063, -3994367, 2255055, -32409, 2159143, 84, 103, 1, 1
17:30:00.449 -> 2602067, -3842078, 2045966, -108403, 2421691, 0, 11, 1, 101
17:30:01.448 -> 2603071, -3808144, 1922522, -143519, 2449048, 1, 1, 1, 115
17:30:02.446 -> 2604076, -3820901, 1834462, -182526, 2454872, 0, 0, 0, 68
17:30:03.446 -> 2605080, -4220479, 2282061, 97041, 2291007, 0, 0, 285, 1
17:30:04.444 -> 2606084, -4360515, 2294112, 118026, 2241722, 196, 1, 320, 1
17:30:05.475 -> 2607088, -4144846, 2081836, -197521, 2284736, 230, 44, 238, 1
17:30:06.474 -> 2608093, -3966710, 2205743, -86093, 2174599, 0, 0, 0, 0
17:30:07.472 -> 2609096, -3744852, 2323364, 74552, 2424770, 1, 0, 1, 1
17:30:08.470 -> 2610101, -3740831, 2338276, 92807, 2424975, 0, 1, 1, 0
17:30:09.468 -> 2611104, -3740713, 2337850, 92703, 2426388, 0, 1, 1, 0
17:30:10.466 -> 2612109, -3745825, 2334764, 82399, 2419889, 0, 0, 0, 1
17:30:11.464 -> 2613112, -3754354, 2328251, 79065, 2418731, 1, 0, 1, 1
17:30:12.463 -> 2614117, -3744458, 2176465, -223633, 2400107, 204, 1, 50, 44
17:30:13.494 -> 2615120, -3921386, 2160289, -282663, 2166698, 223, 107, 103, 54
17:30:14.492 -> 2616125, -4096763, 2030985, -582075, 1898169, 249, 108, 95, 50
17:30:15.490 -> 2617129, -3823061, 2332357, 53945, 2334572, 0, 59, 53, 37
17:30:16.489 -> 2618133, -3805862, 1900186, -109314, 2460075, 0, 1, 56, 157
17:30:17.487 -> 2619138, -4414974, 1754941, -144852, 2265331, 0, 1, 218, 168
17:30:18.485 -> 2620142, -3988607, 2295388, 84175, 2357604, 0, 0, 158, 0
17:30:19.483 -> 2621146, -3849597, 2013857, -247614, 2402271, 0, 0, 64, 39
17:30:20.515 -> 2622150, -4055001, 1996779, -219273, 2225550, 1, 1, 91, 7
17:30:21.513 -> 2623155, -3771323, 2152447, -324487, 2404759, 211, 0, 27, 0
17:30:22.511 -> 2624158, -4170064, 2020704, -731493, 1701009, 239, 130, 97, 28
17:30:23.509 -> 2625163, -3834163, 2332701, 50309, 2355110, 0, 47, 92, 1
17:30:24.507 -> 2626167, -3765005, 2294283, 75837, 2473427, 0, 1, 1, 0
17:30:25.504 -> 2627171, -3755529, 2327822, 77165, 2489873, 0, 1, 0, 57
17:30:26.503 -> 2628175, -4257913, 1961697, -169432, 2281142, 0, 190, 36, 232
17:30:27.534 -> 2629179, -3759012, 2328334, 76660, 2688306, 0, 0, 1, 1
17:30:28.533 -> 2630183, -3760156, 2140994, -336217, 2750260, 192, 0, 199, 1
17:30:29.531 -> 2631187, -3997948, 2105407, -466882, 2629109, 260, 1, 206, 1
17:30:30.529 -> 2632192, -3759328, 2330648, 75899, 2886061, 0, 1, 1, 0
17:30:31.527 -> 2633196, -4052947, 2212004, -96734, 2511919, 0, 155, 164, 64
17:30:32.526 -> 2634200, -4017564, 2246692, -71642, 2611468, 0, 166, 160, 1
17:30:33.525 -> 2635204, -3789325, 1875424, -91770, 3031545, 1, 0, 1, 188
17:30:34.556 -> 2636209, -4305480, 2277786, 96520, 2845147, 0, 0, 256, 1
17:30:35.554 -> 2637212, -3745314, 2084298, -439256, 2969254, 209, 1, 243, 1
17:30:36.552 -> 2638217, -4241072, 2098013, -189509, 2652926, 297, 0, 212, 1
17:30:37.551 -> 2639221, -3793520, 2228521, -225088, 2658633, 0, 113, 143, 1
17:30:38.548 -> 2640225, -3988494, 2111160, -100607, 2572472, 0, 83, 150, 79
17:30:39.545 -> 2641229, -4047023, 1939336, -159123, 2638937, 0, 114, 158, 73
17:30:40.578 -> 2642234, -3848136, 2267040, 50922, 2768050, 0, 0, 64, 0
17:30:41.575 -> 2643237, -3825660, 2267613, 20961, 2732536, 149, 2, 213, 1
17:30:42.574 -> 2644242, -4239549, 2077172, -182149, 2512440, 1, 1, 230, 1
17:30:43.573 -> 2645245, -4174352, 2150008, -94810, 2618195, 201, 0, 180, 1
17:30:44.572 -> 2646250, -3758289, 2210171, -285729, 2747680, 73, 0, 1, 1
17:30:45.570 -> 2647255, -3778836, 2243038, 26882, 2869491, 0, 52, 48, 29
17:30:46.569 -> 2648258, -3981505, 2214349, -174189, 2525117, 0, 92, 50, 17
17:30:47.600 -> 2649263, -3874784, 2053745, -169434, 2803938, 0, 62, 16, 48
17:30:48.598 -> 2650267, -3917345, 2198080, -141672, 2631561, 0, 52, 11, 49
17:30:49.595 -> 2651271, -3773332, 2077534, -260199, 2849504, 261, 1, 11, 21
17:30:50.594 -> 2652275, -3811134, 2190883, -261348, 2774067, 223, 0, 155, 1
17:30:51.592 -> 2653280, -3965504, 2179692, -239087, 2700143, 263, 0, 159, 1
17:30:52.591 -> 2654283, -3781286, 2116642, -126617, 2872345, 0, 0, 175, 66
17:30:53.622 -> 2655288, -3888903, 2030157, -110136, 2822626, 1, 129, 183, 44
17:30:54.621 -> 2656292, -4009514, 2081657, -146372, 2586068, 1, 126, 192, 7
