17:10:17.937 -> 1420357, -3838457, 2241356, -32647, 625080, 0, 0, 0, 0
17:10:18.935 -> 1421362, -3838563, 2241219, -32551, 625402, 0, 0, 0, 1
17:10:19.933 -> 1422365, -3838803, 2241310, -32209, 625585, 0, 0, 0, 0
17:10:20.964 -> 1423370, -3838797, 2241331, -32217, 625978, 0, 2, 1, 0
17:10:21.962 -> 1424373, -3838423, 2241541, -32305, 626355, 0, 0, 0, 0
17:10:22.960 -> 1425378, -3838266, 2241411, -32448, 626406, 0, 0, 0, 0
17:10:23.957 -> 1426381, -3838000, 2240875, -32555, 626422, 0, 1, 0, 0
17:10:24.956 -> 1427385, -3838009, 2240358, -33018, 626501, 0, 0, 1, 1
17:10:25.955 -> 1428389, -3836953, 2239884, -33473, 626664, 0, 0, 0, 0
17:10:26.983 -> 1429393, -3836939, 2240067, -32934, 626702, 1, 0, 0, 0
17:10:27.979 -> 1430397, -3836916, 2240504, -32579, 627086, 0, 1, 1, 0
17:10:28.978 -> 1431401, -3837028, 2240572, -32189, 627595, 0, 1, 1, 1
17:10:29.977 -> 1432406, -3837314, 2240816, -32362, 627854, 1, 1, 0, 0
17:10:30.975 -> 1433409, -3837866, 2240724, -32471, 628248, 0, 1, 0, 0
17:10:32.008 -> 1434414, -3838409, 2240609, -32344, 628683, 0, 1, 0, 1
17:10:33.006 -> 1435417, -3838699, 2241062, -32603, 628887, 0, 1, 1, 0
17:10:34.005 -> 1436422, -3838486, 2240950, -32462, 629161, 0, 0, 0, 0
17:10:35.005 -> 1437425, -3838385, 2241089, -32657, 629317, 0, 0, 0, 0
17:10:36.004 -> 1438430, -3838623, 2241104, -32639, 629551, 0, 2, 0, 0
17:10:37.003 -> 1439433, -3838742, 2241272, -32694, 629612, 0, 1, 0, 0
17:10:38.002 -> 1440438, -3838734, 2240659, -33259, 629764, 0, 0, 2, 0
17:10:39.034 -> 1441441, -3839431, 2240297, -33393, 629817, 0, 0, 0, 0
17:10:40.033 -> 1442445, -3839921, 2240541, -33247, 630197, 0, 1, 1, 1
17:10:41.032 -> 1443449, -3839405, 2240381, -32938, 630445, 0, 0, 2, 0
17:10:42.031 -> 1444453, -3839497, 2240482, -32556, 630812, 0, 2, 0, 0
17:10:43.030 -> 1445457, -3839208, 2240569, -32618, 631062, 0, 0, 0, 1
17:10:44.030 -> 1446461, -3839411, 2240188, -32606, 631343, 0, 1, 1, 0
17:10:45.029 -> 1447465, -3839323, 2240482, -32474, 631446, 0, 0, 0, 0
17:10:46.062 -> 1448469, -3839400, 2240703, -32344, 631892, 0, 1, 0, 0
17:10:47.061 -> 1449474, -3839460, 2240937, -32228, 632059, 0, 2, 0, 0
17:10:48.059 -> 1450477, -3839022, 2241023, -31868, 632239, 0, 1, 0, 0
17:10:49.058 -> 1451482, -3838641, 2241296, -31615, 632336, 0, 1, 0, 1
17:10:50.056 -> 1452485, -3837631, 2242052, -31158, 632033, 0, 0, 0, 0
17:10:51.054 -> 1453490, -3837184, 2242310, -31331, 632389, 0, 1, 0, 0
17:10:52.085 -> 1454493, -3836978, 2242276, -31267, 632623, 0, 1, 0, 0
17:10:53.085 -> 1455497, -3837155, 2242406, -30788, 632838, 0, 1, 0, 0
17:10:54.084 -> 1456501, -3837483, 2242288, -30787, 632815, 0, 2, 0, 0
17:10:55.083 -> 1457505, -3837262, 2242390, -30552, 633096, 0, 0, 1, 1
17:10:56.082 -> 1458509, -3837332, 2242492, -30724, 633470, 0, 0, 1, 0
17:10:57.080 -> 1459513, -3837016, 2242480, -31067, 633860, 0, 0, 0, 0
17:10:58.112 -> 1460517, -3836903, 2242339, -30801, 634296, 0, 0, 0, 0
17:10:59.111 -> 1461521, -3836897, 2242358, -30875, 634726, 0, 0, 0, 0
17:11:00.110 -> 1462525, -3837418, 2242351, -30723, 635107, 0, 0, 1, 1
17:11:01.108 -> 1463529, -3837771, 2242253, -30773, 635457, 0, 0, 0, 0
17:11:02.107 -> 1464534, -3838309, 2242178, -30845, 635722, 0, 0, 0, 0
17:11:03.104 -> 1465537, -3838379, 2242024, -31114, 636037, 0, 0, 0, 1
17:11:04.135 -> 1466542, -3838636, 2241863, -30705, 636336, 0, 0, 2, 0
17:11:05.134 -> 1467545, -3838394, 2242233, -30873, 636078, 0, 1, 1, 1
17:11:06.133 -> 1468550, -3837939, 2242323, -30596, 636080, 0, 0, 0, 0
17:11:07.132 -> 1469553, -3837865, 2242373, -30713, 636190, 0, 0, 1, 0
17:11:08.130 -> 1470557, -3837564, 2242456, -30945, 636194, 0, 0, 0, 0
17:11:09.129 -> 1471561, -3837505, 2242558, -30591, 636486, 0, 1, 1, 0
17:11:10.129 -> 1472565, -3837279, 2242574, -30647, 636666, 0, 0, 0, 0
17:11:11.161 -> 1473569, -3837463, 2242451, -30387, 637052, 0, 1, 0, 1
17:11:12.160 -> 1474573, -3837737, 2242381, -30480, 636972, 0, 1, 0, 1
17:11:13.159 -> 1475577, -3837831, 2242315, -30424, 637032, 0, 1, 1, 0
17:11:14.158 -> 1476581, -3837670, 2242437, -30453, 637261, 0, 0, 0, 1
17:11:15.157 -> 1477585, -3837345, 2242337, -30317, 637468, 0, 0, 0, 0
17:11:16.155 -> 1478589, -3837508, 2242337, -30446, 637839, 0, 0, 0, 0
17:11:17.187 -> 1479593, -3837320, 2242608, -30147, 637896, 0, 1, 0, 1
17:11:18.186 -> 1480597, -3836591, 2242631, -29827, 638233, 0, 1, 1, 1
17:11:19.185 -> 1481602, -3836485, 2242698, -29805, 638397, 0, 0, 1, 0
17:11:20.184 -> 1482605, -3836537, 2242781, -30085, 638793, 0, 1, 0, 1
17:11:21.184 -> 1483610, -3836555, 2242845, -29944, 639123, 0, 0, 0, 0
17:11:22.183 -> 1484613, -3836830, 2242550, -29739, 639209, 0, 2, 2, 1
17:11:23.183 -> 1485617, -3837180, 2242751, -29860, 639888, 0, 0, 1, 0
17:11:24.215 -> 1486621, -3837689, 2242473, -29516, 640079, 0, 2, 0, 1
17:11:25.214 -> 1487625, -3837898, 2242480, -29481, 640514, 0, 2, 1, 0
17:11:26.213 -> 1488629, -3838179, 2242335, -29722, 640848, 0, 1, 0, 0
17:11:27.211 -> 1489633, -3837748, 2242151, -29739, 640907, 0, 1, 0, 1
17:11:28.211 -> 1490637, -3837950, 2242007, -29789, 640765, 0, 1, 0, 0
17:11:29.210 -> 1491641, -3838321, 2242170, -29784, 640700, 0, 1, 0, 0
17:11:30.209 -> 1492645, -3838344, 2242119, -29589, 641035, 0, 0, 1, 0
17:11:31.241 -> 1493649, -3838494, 2242077, -30094, 641022, 0, 1, 0, 0
17:11:32.240 -> 1494653, -3838402, 2241809, -30522, 641387, 0, 1, 1, 0
17:11:33.239 -> 1495657, -3838288, 2241987, -30429, 641768, 0, 0, 0, 1
17:11:34.237 -> 1496662, -3838170, 2242156, -30690, 642032, 0, 0, 1, 0
17:11:35.236 -> 1497665, -3838139, 2242091, -30509, 642369, 0, 0, 2, 0
17:11:36.234 -> 1498670, -3838193, 2242077, -30532, 642707, 0, 0, 0, 0
17:11:37.266 -> 1499673, -3838491, 2241957, -30801, 643074, 0, 0, 0, 1
17:11:38.264 -> 1500677, -3838873, 2242047, -30798, 643514, 0, 1, 1, 0
17:11:39.262 -> 1501681, -3838969, 2242024, -30869, 643506, 0, 2, 0, 0
17:11:40.260 -> 1502685, -3838579, 2241895, -31327, 643635, 0, 0, 0, 0
17:11:41.254 -> 1503689, -3838415, 2241904, -30930, 643597, 0, 0, 0, 0
17:11:42.286 -> 1504693, -3838045, 2241854, -30770, 643820, 0, 2, 0, 1
17:11:43.286 -> 1505697, -3838107, 2241959, -30776, 643776, 0, 0, 0, 0
17:11:44.284 -> 1506701, -3837998, 2241967, -31085, 643774, 0, 1, 1, 0
17:11:45.283 -> 1507705, -3837898, 2242177, -30870, 644009, 0, 0, 0, 0
17:11:46.282 -> 1508709, -3837932, 2242319, -30903, 644032, 0, 1, 1, 0
17:11:47.280 -> 1509713, -3837780, 2242233, -30538, 644281, 0, 0, 0, 1
17:11:48.312 -> 1510717, -3837884, 2242260, -30322, 644521, 0, 0, 0, 0
17:11:49.311 -> 1511721, -3838082, 2242181, -30361, 644538, 0, 0, 2, 0
17:11:50.309 -> 1512725, -3837857, 2242080, -30416, 644844, 0, 1, 0, 1
17:11:51.308 -> 1513730, -3837951, 2242208, -30263, 644972, 0, 0, 1, 1
17:11:52.306 -> 1514733, -3837977, 2242148, -30111, 645132, 0, 0, 0, 0
17:11:53.305 -> 1515737, -3838090, 2242083, -30160, 645299, 0, 1, 1, 1
17:11:54.338 -> 1516741, -3838207, 2241960, -30219, 645439, 0, 0, 0, 0
17:11:55.336 -> 1517745, -3838254, 2241954, -30442, 645282, 0, 0, 0, 0
17:11:56.334 -> 1518749, -3838027, 2242160, -30387, 645398, 0, 0, 0, 1
17:11:57.333 -> 1519753, -3838149, 2242246, -30181, 645573, 0, 0, 1, 1
17:11:58.331 -> 1520757, -3838104, 2242255, -29933, 645734, 0, 0, 1, 0
17:11:59.330 -> 1521761, -3837982, 2242450, -30166, 645557, 0, 0, 1, 0
17:12:00.361 -> 1522765, -3837894, 2242262, -29979, 645660, 0, 1, 0, 1
17:12:01.359 -> 1523769, -3837784, 2242370, -29960, 646056, 0, 0, 0, 1
17:12:02.357 -> 1524773, -3837923, 2242415, -29937, 646439, 0, 0, 0, 0
17:12:03.356 -> 1525777, -3837940, 2242401, -30201, 646562, 0, 0, 1, 0
17:12:04.355 -> 1526781, -3838357, 2242279, -29886, 646648, 0, 1, 1, 0
17:12:05.354 -> 1527785, -3838649, 2242381, -29988, 646906, 0, 2, 1, 1
17:12:06.386 -> 1528790, -3838770, 2242152, -29808, 647015, 0, 1, 0, 0
17:12:07.384 -> 1529793, -3838628, 2241804, -30229, 647190, 0, 0, 0, 1
17:12:08.383 -> 1530797, -3838349, 2241495, -30397, 647524, 0, 0, 0, 0
17:12:09.382 -> 1531801, -3838465, 2241588, -30269, 647705, 0, 0, 0, 1
17:12:10.381 -> 1532805, -3838585, 2241898, -30461, 647998, 0, 0, 1, 0
17:12:11.380 -> 1533809, -3838708, 2241758, -30039, 648383, 0, 0, 1, 0
17:12:12.378 -> 1534813, -3839001, 2241791, -29949, 648474, 0, 1, 0, 0
17:12:13.412 -> 1535817, -3838892, 2241795, -30306, 648675, 0, 0, 0, 1
17:12:14.410 -> 1536821, -3838785, 2241589, -30241, 648762, 0, 0, 1, 1
17:12:15.410 -> 1537825, -3838196, 2241486, -30450, 648595, 0, 1, 0, 0
17:12:16.425 -> 1538829, -3838048, 2241195, -30885, 648632, 0, 0, 0, 0
17:12:17.423 -> 1539833, -3838335, 2240925, -31099, 648822, 0, 0, 0, 0
17:12:18.421 -> 1540837, -3838031, 2241167, -30866, 649229, 0, 0, 1, 0
17:12:19.420 -> 1541841, -3838185, 2241196, -30953, 649452, 0, 0, 1, 0
17:12:20.419 -> 1542845, -3838153, 2241342, -30775, 649780, 0, 1, 0, 1
17:12:21.418 -> 1543849, -3838301, 2241483, -30442, 650183, 0, 0, 1, 0
17:12:22.450 -> 1544853, -3838488, 2241554, -30507, 650384, 0, 1, 1, 0
17:12:23.449 -> 1545857, -3838809, 2241555, -30477, 650743, 0, 1, 0, 0
17:12:24.447 -> 1546861, -3838872, 2241611, -30643, 650940, 0, 2, 1, 0
17:12:25.446 -> 1547865, -3838801, 2241645, -30486, 651237, 0, 0, 0, 0
17:12:26.445 -> 1548869, -3838918, 2241642, -30741, 651601, 0, 1, 1, 0
17:12:27.443 -> 1549873, -3839082, 2241745, -30586, 651763, 0, 1, 1, 1
17:12:28.441 -> 1550877, -3839224, 2241774, -30652, 652029, 0, 1, 2, 1
17:12:29.474 -> 1551881, -3839415, 2241954, -30577, 652192, 0, 0, 0, 0
17:12:30.472 -> 1552885, -3839588, 2241839, -30582, 652385, 0, 0, 0, 1
17:12:31.471 -> 1553889, -3839722, 2241938, -30393, 652629, 0, 1, 0, 0
17:12:32.470 -> 1554893, -3839780, 2241912, -30414, 652788, 0, 1, 2, 1
17:12:33.469 -> 1555897, -3839902, 2242018, -30339, 652921, 0, 0, 0, 0
17:12:34.467 -> 1556901, -3840071, 2241994, -30303, 652973, 0, 0, 0, 0
17:12:35.500 -> 1557905, -3839994, 2242042, -29978, 652941, 0, 0, 1, 0
17:12:36.498 -> 1558909, -3839713, 2242479, -29707, 653056, 0, 0, 0, 0
17:12:37.497 -> 1559913, -3839536, 2242439, -29907, 653316, 0, 0, 0, 0
17:12:38.495 -> 1560916, -3839528, 2242573, -29876, 653197, 0, 0, 0, 1
17:12:39.495 -> 1561921, -3839460, 2242732, -29802, 653250, 0, 0, 1, 0
17:12:40.495 -> 1562925, -3839104, 2242723, -29665, 653414, 0, 2, 2, 0
17:12:41.494 -> 1563929, -3838220, 2242806, -29833, 653433, 0, 0, 0, 0
17:12:42.526 -> 1564933, -3837808, 2242708, -29475, 653457, 0, 1, 0, 0
17:12:43.524 -> 1565937, -3837895, 2242627, -29726, 653756, 0, 0, 1, 1
17:12:44.523 -> 1566941, -3837755, 2242727, -29524, 654022, 0, 0, 0, 0
17:12:45.523 -> 1567945, -3837979, 2242610, -29798, 654257, 0, 0, 0, 0
17:12:46.522 -> 1568949, -3838263, 2242560, -29450, 654472, 0, 0, 0, 1
17:12:47.521 -> 1569953, -3838239, 2242695, -29729, 654505, 0, 0, 0, 0
17:12:48.553 -> 1570957, -3838237, 2242687, -29850, 654744, 0, 0, 0, 0
17:12:49.551 -> 1571961, -3838135, 2242991, -29900, 654449, 0, 0, 0, 0
17:12:50.549 -> 1572965, -3837674, 2242850, -29896, 654597, 0, 2, 0, 0
17:12:51.547 -> 1573969, -3837377, 2242721, -29566, 654789, 0, 0, 0, 0
17:12:52.546 -> 1574973, -3837446, 2242592, -29470, 654945, 0, 0, 0, 0
17:12:53.544 -> 1575976, -3837403, 2242891, -29693, 654983, 0, 0, 0, 1
17:12:54.575 -> 1576981, -3837373, 2242802, -29507, 655269, 0, 1, 0, 1
17:12:55.575 -> 1577985, -3837554, 2242328, -29502, 655589, 0, 0, 0, 0
17:12:56.574 -> 1578989, -3837706, 2242289, -29532, 655857, 0, 1, 1, 0
17:12:57.574 -> 1579993, -3837855, 2242423, -29595, 655979, 0, 2, 0, 1
17:12:58.573 -> 1580997, -3837885, 2242502, -29550, 656212, 0, 0, 0, 0
17:12:59.572 -> 1582001, -3837988, 2242437, -29372, 656504, 0, 1, 0, 0
17:13:00.570 -> 1583005, -3838150, 2242567, -29667, 656740, 0, 0, 0, 0
17:13:01.603 -> 1584009, -3838532, 2242415, -29637, 657148, 0, 1, 0, 1
17:13:02.601 -> 1585013, -3838650, 2242608, -29605, 657292, 0, 1, 0, 1
17:13:03.600 -> 1586017, -3838401, 2242891, -29757, 657352, 0, 0, 0, 0
17:13:04.599 -> 1587021, -3838112, 2243083, -29370, 657327, 0, 1, 0, 1
17:13:05.600 -> 1588025, -3837293, 2243174, -29227, 657405, 0, 1, 0, 1
17:13:06.598 -> 1589029, -3836408, 2243513, -29046, 657034, 0, 0, 0, 0
17:13:07.597 -> 1590033, -3836460, 2243349, -29145, 656974, 0, 0, 0, 0
17:13:08.629 -> 1591036, -3836292, 2243093, -29228, 657167, 0, 0, 2, 0
17:13:09.628 -> 1592041, -3836477, 2242935, -29323, 657626, 0, 1, 1, 0
17:13:10.626 -> 1593044, -3836702, 2243064, -29307, 657785, 0, 1, 1, 0
17:13:11.622 -> 1594049, -3837269, 2242847, -29241, 658317, 0, 0, 0, 0
17:13:12.622 -> 1595053, -3837568, 2242312, -29221, 658663, 0, 0, 0, 0
17:13:13.653 -> 1596057, -3837943, 2242009, -29908, 658856, 0, 1, 0, 0
17:13:14.651 -> 1597061, -3838137, 2241530, -29682, 659230, 0, 1, 0, 0
17:13:15.650 -> 1598065, -3838123, 2241020, -30109, 659537, 0, 1, 0, 0
17:13:16.647 -> 1599069, -3838091, 2240915, -30176, 659716, 0, 1, 1, 0
17:13:17.647 -> 1600073, -3838432, 2240993, -29917, 660053, 0, 0, 0, 0
17:13:18.645 -> 1601077, -3838758, 2240995, -30240, 660211, 0, 0, 1, 0
17:13:19.678 -> 1602081, -3839062, 2240808, -30355, 660444, 0, 1, 0, 0
17:13:20.675 -> 1603085, -3839100, 2240890, -30722, 660456, 0, 0, 1, 0
17:13:21.674 -> 1604089, -3839118, 2240622, -30898, 660500, 0, 0, 1, 0
17:13:22.672 -> 1605093, -3838877, 2240341, -31224, 660732, 0, 1, 0, 0
17:13:23.672 -> 1606096, -3838617, 2240088, -31530, 660925, 0, 0, 0, 0
17:13:24.670 -> 1607101, -3838739, 2239845, -31283, 661043, 0, 0, 1, 0
17:13:25.669 -> 1608104, -3839025, 2239940, -31309, 661225, 0, 1, 0, 0
17:13:26.700 -> 1609109, -3838760, 2239995, -31070, 661488, 0, 0, 2, 1
17:13:27.700 -> 1610113, -3838458, 2240433, -31233, 661653, 0, 0, 0, 1
17:13:28.699 -> 1611117, -3838511, 2240426, -31066, 661879, 0, 0, 1, 1
17:13:29.698 -> 1612121, -3838817, 2240585, -31133, 661960, 0, 0, 0, 0
17:13:30.697 -> 1613125, -3839299, 2240648, -31093, 661945, 0, 1, 0, 0
17:13:31.696 -> 1614129, -3839597, 2240731, -30968, 662208, 0, 0, 1, 0
17:13:32.728 -> 1615133, -3839877, 2240848, -31347, 662494, 0, 1, 0, 0
17:13:33.726 -> 1616137, -3840079, 2241038, -31115, 662578, 0, 0, 0, 0
17:13:34.724 -> 1617141, -3840015, 2240992, -31054, 662784, 0, 0, 0, 1
17:13:35.722 -> 1618145, -3839975, 2241194, -30850, 662905, 0, 1, 0, 0
17:13:36.721 -> 1619149, -3839901, 2241385, -30788, 662861, 0, 1, 0, 0
17:13:37.720 -> 1620153, -3839949, 2241430, -30262, 662885, 0, 1, 0, 0
17:13:38.753 -> 1621156, -3839827, 2241346, -30572, 662869, 0, 0, 0, 0
17:13:39.751 -> 1622161, -3839993, 2241699, -30576, 662927, 0, 0, 0, 1
17:13:40.749 -> 1623164, -3839915, 2241867, -30149, 662911, 0, 0, 0, 0
17:13:41.748 -> 1624169, -3839752, 2242090, -30210, 662956, 0, 2, 0, 0
17:13:42.746 -> 1625172, -3839262, 2242050, -29851, 662679, 0, 0, 0, 0
17:13:43.744 -> 1626177, -3839202, 2242445, -29827, 662793, 0, 1, 0, 0
17:13:44.777 -> 1627181, -3839428, 2242563, -29497, 662880, 0, 1, 1, 0
17:13:45.775 -> 1628185, -3839474, 2242529, -30014, 662929, 0, 0, 0, 1
17:13:46.774 -> 1629189, -3839704, 2242443, -29832, 663169, 0, 1, 1, 0
17:13:47.773 -> 1630193, -3839912, 2242026, -29780, 663374, 0, 1, 1, 0
17:13:48.772 -> 1631197, -3840161, 2241673, -29947, 663942, 0, 0, 0, 0
17:13:49.770 -> 1632201, -3840433, 2241489, -30318, 664056, 0, 1, 1, 1
17:13:50.801 -> 1633205, -3840630, 2241587, -30047, 664325, 0, 0, 1, 1
17:13:51.800 -> 1634209, -3840709, 2241339, -30136, 664639, 0, 0, 0, 0
17:13:52.797 -> 1635213, -3840837, 2241190, -30712, 664886, 0, 1, 1, 1
17:13:53.796 -> 1636216, -3840934, 2241642, -30532, 665246, 0, 2, 0, 0
17:13:54.794 -> 1637221, -3840999, 2241517, -30343, 665366, 0, 0, 0, 0
17:13:55.794 -> 1638224, -3841109, 2241892, -30317, 665592, 0, 1, 0, 0
17:13:56.793 -> 1639229, -3841197, 2241927, -30015, 665932, 0, 1, 1, 0
17:13:57.826 -> 1640232, -3841446, 2241972, -30206, 666202, 0, 0, 1, 0
17:13:58.824 -> 1641237, -3841412, 2242161, -30320, 666122, 0, 0, 0, 0
17:13:59.823 -> 1642241, -3841231, 2242529, -29891, 665870, 1, 0, 0, 0
17:14:00.822 -> 1643245, -3840857, 2242798, -29772, 665989, 0, 0, 0, 0
17:14:01.822 -> 1644249, -3840733, 2242692, -29668, 666002, 0, 1, 1, 0
17:14:02.819 -> 1645253, -3840469, 2242893, -29698, 665858, 0, 0, 0, 1
17:14:03.852 -> 1646257, -3840486, 2242860, -29785, 666044, 0, 0, 0, 0
17:14:04.849 -> 1647261, -3840540, 2242932, -29677, 666256, 0, 0, 0, 0
17:14:05.848 -> 1648265, -3840648, 2242993, -29737, 666628, 0, 2, 0, 0
17:14:06.847 -> 1649268, -3840824, 2242764, -29922, 666964, 0, 0, 1, 0
17:14:07.848 -> 1650273, -3840953, 2242841, -29593, 667132, 0, 0, 0, 0
17:14:08.846 -> 1651276, -3841183, 2242587, -29327, 667337, 0, 0, 0, 0
17:14:09.846 -> 1652281, -3841319, 2242447, -29626, 667357, 0, 1, 1, 0
17:14:10.877 -> 1653284, -3841696, 2242301, -29650, 667127, 0, 0, 2, 0
17:14:11.875 -> 1654289, -3841768, 2242487, -29808, 667446, 0, 0, 0, 1
17:14:12.873 -> 1655292, -3841942, 2242340, -29756, 667539, 0, 0, 0, 0
17:14:13.872 -> 1656297, -3842141, 2242075, -29930, 667650, 0, 1, 0, 0
17:14:14.870 -> 1657300, -3842216, 2242091, -30281, 667744, 0, 0, 1, 0
17:14:15.870 -> 1658305, -3842089, 2242177, -30034, 667976, 0, 0, 0, 0
17:14:16.902 -> 1659309, -3842050, 2242269, -30155, 668110, 0, 0, 0, 0
17:14:17.901 -> 1660313, -3842208, 2242513, -29971, 668085, 0, 0, 0, 0
17:14:18.899 -> 1661317, -3842363, 2242546, -29898, 668308, 0, 0, 1, 0
17:14:19.898 -> 1662321, -3842438, 2242746, -29775, 668621, 0, 1, 0, 0
17:14:20.897 -> 1663325, -3842250, 2242903, -29843, 668687, 0, 1, 0, 0
17:14:21.897 -> 1664328, -3842175, 2243040, -29624, 668786, 1, 0, 1, 1
17:14:22.929 -> 1665333, -3842109, 2243087, -29532, 669022, 0, 2, 0, 0
17:14:23.927 -> 1666336, -3842045, 2243226, -29659, 668846, 0, 0, 0, 0
17:14:24.925 -> 1667341, -3841876, 2243104, -29477, 668959, 0, 0, 0, 0
17:14:25.924 -> 1668344, -3841883, 2243097, -29271, 668952, 0, 0, 0, 0
17:14:26.923 -> 1669349, -3842005, 2242837, -29268, 668994, 0, 0, 0, 1
17:14:27.923 -> 1670352, -3841932, 2242911, -29597, 669203, 0, 1, 1, 0
17:14:28.923 -> 1671357, -3841892, 2242851, -29013, 669313, 0, 0, 0, 0
17:14:29.955 -> 1672360, -3841914, 2242564, -29519, 669254, 0, 1, 0, 0
17:14:30.953 -> 1673365, -3841964, 2242604, -29175, 669268, 0, 1, 0, 0
17:14:31.953 -> 1674369, -3841870, 2242608, -29266, 669258, 0, 0, 0, 0
17:14:32.952 -> 1675373, -3841700, 2242741, -29344, 669507, 0, 0, 0, 0
17:14:33.951 -> 1676377, -3841307, 2242626, -28937, 669528, 0, 0, 0, 0
17:14:34.950 -> 1677380, -3841259, 2242783, -29305, 669805, 0, 0, 0, 1
17:14:35.950 -> 1678385, -3841297, 2242895, -29218, 669986, 0, 1, 0, 1
17:14:36.983 -> 1679388, -3841567, 2242697, -29409, 670113, 0, 0, 0, 1
17:14:37.982 -> 1680393, -3841642, 2242581, -29297, 670204, 0, 0, 0, 0
17:14:38.980 -> 1681396, -3841782, 2242473, -29317, 670464, 0, 0, 1, 0
17:14:39.980 -> 1682401, -3841722, 2242354, -29973, 670706, 0, 0, 0, 0
17:14:40.977 -> 1683404, -3841857, 2242435, -29611, 670950, 0, 1, 0, 0
17:14:41.976 -> 1684409, -3841728, 2242456, -29448, 671207, 0, 0, 0, 0
17:14:43.009 -> 1685412, -3841747, 2242448, -29356, 671419, 0, 0, 0, 0
17:14:44.008 -> 1686417, -3842108, 2242403, -29655, 671572, 0, 1, 1, 1
17:14:45.007 -> 1687420, -3842343, 2242310, -29835, 671801, 0, 0, 1, 0
17:14:46.006 -> 1688425, -3842403, 2242203, -29934, 671785, 0, 0, 1, 0
17:14:47.004 -> 1689428, -3842302, 2241660, -30198, 671663, 0, 0, 0, 0
17:14:48.003 -> 1690433, -3842508, 2241518, -30811, 671568, 0, 0, 1, 0
17:14:49.034 -> 1691437, -3842110, 2241230, -30738, 671663, 0, 1, 1, 0
17:14:50.034 -> 1692440, -3842096, 2241470, -30820, 671920, 0, 0, 0, 0
17:14:51.033 -> 1693445, -3841810, 2241827, -30281, 671914, 0, 0, 0, 0
17:14:52.032 -> 1694448, -3841546, 2242100, -29889, 672027, 1, 0, 0, 0
17:14:53.031 -> 1695453, -3841567, 2242177, -30053, 672236, 0, 0, 1, 0
17:14:54.029 -> 1696456, -3841486, 2242217, -29887, 672432, 0, 2, 0, 0
17:14:55.028 -> 1697461, -3841264, 2242620, -30015, 672452, 0, 0, 0, 0
17:14:56.060 -> 1698464, -3840977, 2242696, -29652, 672370, 0, 0, 0, 0
17:14:57.059 -> 1699469, -3840830, 2242750, -29754, 672673, 0, 0, 1, 1
17:14:58.058 -> 1700472, -3841070, 2242774, -29851, 672841, 0, 2, 1, 0
17:14:59.058 -> 1701477, -3841282, 2242779, -29631, 673022, 0, 0, 0, 0
17:15:00.056 -> 1702480, -3841397, 2242801, -29494, 673157, 0, 0, 0, 0
17:15:01.056 -> 1703485, -3841660, 2242523, -29616, 673258, 0, 0, 2, 0
17:15:02.056 -> 1704488, -3841578, 2242274, -29683, 673382, 0, 1, 0, 0
17:15:03.087 -> 1705493, -3841681, 2242178, -30168, 673642, 0, 0, 0, 1
17:15:04.087 -> 1706497, -3841535, 2242309, -30025, 673746, 0, 0, 1, 0
17:15:05.085 -> 1707500, -3840929, 2242388, -29821, 673748, 0, 1, 1, 0
17:15:06.084 -> 1708505, -3840779, 2242573, -29947, 673581, 0, 0, 0, 0
17:15:07.082 -> 1709508, -3840755, 2242730, -29602, 673677, 0, 0, 1, 0
17:15:08.081 -> 1710513, -3840913, 2242826, -29886, 673828, 0, 0, 1, 0
17:15:09.113 -> 1711516, -3840952, 2242849, -29680, 673795, 0, 0, 1, 0
17:15:10.111 -> 1712521, -3840944, 2242915, -29581, 673912, 0, 0, 1, 0
17:15:11.109 -> 1713524, -3841039, 2242968, -29574, 673978, 0, 1, 0, 0
17:15:12.107 -> 1714529, -3841112, 2243130, -29448, 674106, 0, 0, 0, 0
17:15:13.107 -> 1715532, -3841116, 2243160, -29656, 673975, 0, 1, 0, 0
17:15:14.106 -> 1716537, -3840979, 2243188, -29514, 674029, 0, 0, 1, 0
17:15:15.138 -> 1717540, -3840810, 2243095, -29462, 673860, 0, 0, 0, 1
17:15:16.137 -> 1718545, -3840587, 2243198, -29287, 674056, 0, 0, 0, 0
17:15:17.136 -> 1719548, -3840543, 2243115, -29191, 674138, 0, 0, 0, 0
17:15:18.135 -> 1720553, -3840238, 2243182, -29481, 674062, 0, 0, 1, 0
17:15:19.136 -> 1721556, -3839720, 2242854, -29085, 674507, 0, 0, 0, 1
17:15:20.136 -> 1722560, -3839778, 2242802, -29215, 675002, 0, 0, 0, 0
17:15:21.134 -> 1723565, -3840201, 2242449, -29281, 675242, 0, 1, 0, 0
17:15:22.166 -> 1724568, -3840497, 2242424, -29012, 675247, 0, 1, 1, 0
17:15:23.165 -> 1725573, -3840782, 2242496, -28872, 675099, 0, 1, 2, 1
17:15:24.164 -> 1726576, -3841025, 2242641, -29101, 675407, 0, 0, 0, 0
17:15:25.164 -> 1727581, -3841185, 2242513, -29097, 675679, 0, 0, 0, 0
17:15:26.163 -> 1728584, -3841347, 2242606, -29521, 675863, 1, 0, 1, 0
17:15:27.161 -> 1729589, -3841516, 2242610, -29409, 676169, 0, 0, 0, 0
17:15:28.159 -> 1730592, -3841517, 2242612, -29510, 676415, 0, 0, 1, 0
17:15:29.192 -> 1731597, -3841767, 2242624, -29503, 676247, 0, 0, 0, 0
17:15:30.191 -> 1732600, -3841861, 2242539, -29860, 676428, 0, 0, 1, 0
17:15:31.189 -> 1733605, -3841981, 2242501, -29747, 676416, 0, 1, 0, 0
17:15:32.188 -> 1734608, -3841967, 2242642, -29792, 676435, 0, 0, 0, 0
17:15:33.189 -> 1735613, -3841909, 2242526, -29543, 676701, 0, 0, 1, 0
17:15:34.187 -> 1736616, -3841878, 2242676, -29666, 676890, 0, 0, 0, 0
17:15:35.187 -> 1737620, -3841572, 2242642, -29595, 677183, 0, 1, 1, 0
17:15:36.218 -> 1738625, -3841160, 2242690, -29570, 677113, 1, 0, 1, 0
17:15:37.216 -> 1739628, -3840588, 2242886, -29393, 676965, 0, 2, 0, 0
17:15:38.215 -> 1740633, -3840527, 2243051, -29185, 677081, 0, 0, 1, 0
17:15:39.213 -> 1741636, -3840707, 2243077, -28950, 677381, 0, 2, 0, 0
17:15:40.213 -> 1742641, -3840882, 2243137, -28955, 677557, 0, 2, 0, 0
17:15:41.211 -> 1743644, -3841095, 2242983, -29081, 677829, 0, 0, 0, 0
17:15:42.243 -> 1744649, -3841219, 2243088, -28982, 677812, 0, 0, 1, 0
17:15:43.241 -> 1745652, -3840964, 2243157, -28792, 677724, 0, 0, 0, 0
17:15:44.240 -> 1746657, -3840585, 2243305, -28943, 677828, 0, 0, 1, 0
17:15:45.239 -> 1747660, -3840577, 2243349, -28906, 678066, 0, 0, 1, 0
17:15:46.237 -> 1748665, -3840612, 2243269, -28847, 678136, 0, 0, 0, 0
17:15:47.236 -> 1749668, -3840832, 2243421, -28619, 678286, 0, 0, 0, 0
17:15:48.269 -> 1750672, -3841093, 2243269, -28656, 678553, 0, 0, 1, 0
17:15:49.267 -> 1751676, -3841351, 2242850, -28851, 678772, 0, 0, 0, 0
17:15:50.267 -> 1752680, -3841602, 2243011, -28852, 678799, 0, 1, 0, 1
17:15:51.266 -> 1753684, -3841580, 2242992, -29102, 679022, 0, 0, 0, 0
17:15:52.265 -> 1754688, -3841424, 2242919, -29150, 679061, 0, 0, 0, 0
17:15:53.264 -> 1755693, -3841191, 2242923, -29462, 679269, 0, 0, 0, 0
17:15:54.263 -> 1756696, -3841153, 2243043, -29483, 679467, 0, 0, 1, 0
17:15:55.295 -> 1757701, -3841048, 2243111, -28967, 679597, 0, 0, 0, 0
17:15:56.293 -> 1758704, -3841180, 2243234, -29164, 679735, 0, 0, 0, 1
17:15:57.292 -> 1759709, -3841261, 2243068, -29168, 680000, 0, 1, 0, 0
17:15:58.290 -> 1760712, -3841376, 2243095, -29392, 680048, 0, 0, 1, 0
17:15:59.290 -> 1761717, -3841580, 2242970, -29296, 680108, 0, 1, 1, 0
17:16:00.288 -> 1762720, -3841839, 2242914, -29664, 680365, 0, 0, 1, 0
17:16:01.321 -> 1763725, -3842005, 2242925, -29304, 680244, 0, 0, 0, 0
17:16:02.319 -> 1764728, -3841916, 2243066, -29470, 680387, 0, 0, 0, 0
17:16:03.318 -> 1765732, -3841968, 2243082, -29774, 680515, 0, 1, 0, 1
17:16:04.317 -> 1766736, -3842129, 2243285, -29101, 680624, 1, 0, 0, 0
17:16:05.315 -> 1767740, -3842115, 2243392, -29285, 680767, 0, 0, 0, 1
17:16:06.314 -> 1768744, -3842068, 2243289, -29277, 681106, 0, 1, 0, 0
17:16:07.347 -> 1769748, -3842092, 2243205, -29119, 681204, 0, 2, 0, 0
17:16:08.346 -> 1770753, -3842248, 2243260, -29001, 681287, 0, 0, 0, 0
17:16:09.345 -> 1771756, -3842381, 2243184, -29030, 681383, 0, 0, 0, 1
17:16:10.343 -> 1772761, -3842434, 2243217, -29005, 681333, 0, 1, 1, 0
17:16:11.343 -> 1773764, -3842365, 2243172, -28955, 681941, 0, 1, 2, 0
17:16:12.340 -> 1774769, -3842452, 2243053, -29153, 682404, 0, 0, 0, 0
17:16:13.339 -> 1775772, -3842504, 2243032, -29342, 682601, 0, 0, 0, 0
17:16:14.371 -> 1776777, -3842599, 2242547, -29321, 682742, 0, 0, 0, 0
17:16:15.370 -> 1777780, -3842522, 2242349, -29157, 682796, 0, 0, 1, 0
17:16:16.368 -> 1778785, -3842519, 2242454, -29232, 683054, 0, 0, 0, 0
17:16:17.367 -> 1779788, -3842659, 2242515, -29309, 683375, 0, 1, 0, 0
17:16:18.365 -> 1780792, -3842801, 2242530, -29404, 683502, 0, 0, 0, 0
17:16:19.364 -> 1781796, -3842721, 2242379, -29238, 683579, 0, 1, 0, 1
17:16:20.396 -> 1782800, -3842805, 2242447, -29382, 683567, 0, 0, 0, 0
17:16:21.395 -> 1783804, -3842892, 2242785, -29162, 683631, 0, 0, 0, 0
17:16:22.394 -> 1784808, -3843201, 2242716, -29272, 683834, 0, 1, 2, 0
17:16:23.392 -> 1785812, -3843417, 2242449, -29165, 683858, 0, 0, 2, 0
17:16:24.389 -> 1786816, -3843322, 2242668, -28975, 683921, 0, 0, 0, 0
17:16:25.387 -> 1787821, -3843263, 2242716, -28934, 683732, 0, 0, 0, 0
17:16:26.419 -> 1788824, -3843291, 2243086, -28959, 683750, 0, 0, 0, 0
17:16:27.418 -> 1789829, -3843122, 2243088, -28880, 683691, 0, 1, 2, 0
17:16:28.417 -> 1790832, -3842770, 2243382, -28914, 683567, 0, 0, 0, 1
17:16:29.415 -> 1791837, -3842754, 2243418, -28871, 683702, 0, 0, 0, 0
17:16:30.413 -> 1792840, -3842683, 2243223, -29353, 684013, 0, 0, 0, 0
17:16:31.411 -> 1793844, -3842522, 2243047, -29765, 683891, 0, 0, 0, 0
