17:17:34.667 -> 1857096, -3715136, 2337943, 95644, 802141, 0, 0, 0, 0
17:17:35.665 -> 1858100, -3715503, 2338088, 95977, 802386, 0, 0, 0, 0
17:17:36.697 -> 1859104, -3715298, 2337952, 96241, 802689, 0, 1, 1, 0
17:17:37.697 -> 1860108, -3715180, 2337979, 96393, 802900, 0, 0, 0, 0
17:17:38.696 -> 1861112, -3715525, 2337956, 96209, 802992, 0, 0, 0, 0
17:17:39.695 -> 1862116, -3715946, 2338055, 95918, 803122, 0, 0, 1, 0
17:17:40.694 -> 1863119, -3716143, 2337709, 95852, 803103, 0, 0, 0, 0
17:17:41.694 -> 1864124, -3716387, 2337567, 95531, 803089, 0, 0, 0, 0
17:17:42.725 -> 1865127, -3716489, 2337796, 95735, 803327, 1, 0, 0, 0
17:17:43.723 -> 1866132, -3715541, 2337928, 95894, 803592, 0, 0, 0, 0
17:17:44.721 -> 1867136, -3714895, 2337996, 95892, 803742, 0, 1, 2, 0
17:17:45.721 -> 1868140, -3715036, 2338075, 96066, 803810, 0, 0, 0, 0
17:17:46.720 -> 1869144, -3715197, 2338000, 96018, 803860, 0, 0, 0, 0
17:17:47.721 -> 1870148, -3715082, 2338200, 95742, 804020, 0, 1, 1, 0
17:17:48.719 -> 1871152, -3714955, 2338131, 96110, 804053, 0, 0, 0, 0
17:17:49.751 -> 1872156, -3715222, 2338302, 96139, 803996, 0, 0, 0, 0
17:17:50.750 -> 1873160, -3715437, 2338067, 96381, 803863, 0, 0, 0, 0
17:17:51.748 -> 1874163, -3715723, 2337704, 96618, 804005, 0, 0, 1, 0
17:17:52.747 -> 1875168, -3715992, 2337569, 96341, 804031, 0, 0, 0, 0
17:17:53.747 -> 1876171, -3716009, 2337711, 96362, 804322, 0, 1, 1, 0
17:17:54.746 -> 1877176, -3715975, 2337915, 96595, 804408, 0, 0, 0, 0
17:17:55.745 -> 1878179, -3715734, 2338011, 96254, 804482, 0, 0, 0, 0
17:17:56.778 -> 1879184, -3715780, 2338121, 96127, 804607, 0, 0, 0, 0
17:17:57.776 -> 1880187, -3715740, 2338222, 96273, 804565, 0, 0, 1, 0
17:17:58.774 -> 1881192, -3715604, 2338312, 96612, 804590, 0, 0, 0, 0
17:17:59.774 -> 1882195, -3713863, 2338457, 96309, 804508, 0, 0, 1, 0
17:18:00.773 -> 1883200, -3714746, 2338322, 96416, 804436, 0, 0, 0, 0
17:18:01.771 -> 1884204, -3714959, 2338259, 96183, 804595, 0, 0, 1, 0
17:18:02.802 -> 1885207, -3715476, 2338199, 96397, 804487, 0, 0, 0, 0
17:18:03.802 -> 1886212, -3715376, 2338214, 96334, 804527, 0, 0, 0, 0
17:18:04.801 -> 1887215, -3715580, 2337962, 96086, 804751, 0, 1, 1, 1
17:18:05.801 -> 1888220, -3715760, 2338107, 95876, 804928, 0, 0, 0, 0
17:18:06.800 -> 1889223, -3716448, 2338054, 95993, 805099, 0, 0, 0, 0
17:18:07.798 -> 1890228, -3716654, 2338136, 96021, 805311, 0, 1, 0, 1
17:18:08.797 -> 1891231, -3716493, 2338467, 96132, 805359, 0, 1, 0, 0
17:18:09.829 -> 1892236, -3716439, 2338542, 95804, 805577, 0, 0, 0, 0
17:18:10.827 -> 1893239, -3716449, 2338498, 96135, 805615, 0, 1, 0, 0
17:18:11.827 -> 1894243, -3717028, 2338163, 96153, 805753, 0, 1, 1, 0
17:18:12.826 -> 1895247, -3717565, 2337861, 96023, 805427, 0, 1, 0, 0
17:18:13.825 -> 1896251, -3717990, 2337756, 95787, 805322, 0, 0, 0, 0
17:18:14.824 -> 1897255, -3718364, 2337482, 95382, 805161, 0, 0, 0, 0
17:18:15.857 -> 1898259, -3718609, 2337235, 94761, 805055, 0, 0, 1, 0
17:18:16.857 -> 1899264, -3718760, 2337179, 94647, 804742, 0, 0, 1, 0
17:18:17.855 -> 1900267, -3718803, 2337060, 94134, 804641, 0, 1, 0, 0
17:18:18.854 -> 1901272, -3718791, 2337127, 94449, 804631, 0, 1, 0, 0
17:18:19.853 -> 1902275, -3718841, 2337340, 94710, 804752, 0, 0, 0, 0
17:18:20.852 -> 1903280, -3719051, 2337464, 94493, 804690, 0, 0, 0, 0
17:18:21.850 -> 1904283, -3719229, 2337197, 94550, 804874, 0, 0, 0, 0
17:18:22.881 -> 1905287, -3719228, 2337112, 94457, 804909, 0, 0, 0, 0
17:18:23.879 -> 1906291, -3719226, 2337123, 94324, 805215, 0, 1, 1, 0
17:18:24.878 -> 1907295, -3718923, 2337521, 94704, 805211, 0, 0, 0, 0
17:18:25.877 -> 1908299, -3718740, 2337436, 94787, 805339, 0, 0, 0, 0
17:18:26.875 -> 1909303, -3718793, 2337242, 94609, 805485, 0, 0, 1, 0
17:18:27.875 -> 1910307, -3718896, 2337588, 94862, 805819, 0, 0, 0, 0
17:18:28.906 -> 1911311, -3718782, 2337789, 94995, 805844, 0, 1, 2, 0
17:18:29.904 -> 1912315, -3718575, 2337653, 95139, 806094, 0, 0, 0, 0
17:18:30.904 -> 1913319, -3718583, 2337568, 95224, 806206, 0, 0, 0, 0
17:18:31.903 -> 1914323, -3718537, 2337730, 95177, 806278, 0, 0, 0, 0
17:18:32.901 -> 1915327, -3718512, 2337754, 95239, 806348, 0, 0, 0, 0
17:18:33.901 -> 1916332, -3718401, 2337670, 95269, 806507, 0, 0, 0, 0
17:18:34.933 -> 1917335, -3718408, 2337924, 95363, 806457, 0, 0, 1, 0
17:18:35.933 -> 1918339, -3718021, 2338179, 95652, 806735, 0, 0, 1, 0
17:18:36.931 -> 1919343, -3717867, 2338212, 95871, 806608, 0, 0, 1, 1
17:18:37.930 -> 1920347, -3717898, 2338367, 96151, 806719, 0, 0, 1, 0
17:18:38.928 -> 1921351, -3717858, 2338441, 96375, 806800, 0, 1, 1, 0
17:18:39.927 -> 1922355, -3717916, 2338222, 96278, 806763, 0, 1, 1, 0
17:18:40.958 -> 1923359, -3718053, 2338314, 96469, 806876, 0, 0, 1, 1
17:18:41.957 -> 1924363, -3718112, 2338474, 96219, 806935, 0, 0, 0, 0
17:18:42.954 -> 1925367, -3717729, 2338420, 96098, 806788, 1, 0, 1, 0
17:18:43.952 -> 1926371, -3717882, 2338251, 95620, 806813, 0, 0, 1, 0
17:18:44.950 -> 1927375, -3717767, 2338186, 95569, 806959, 0, 0, 0, 0
17:18:45.949 -> 1928379, -3717910, 2338276, 95541, 807225, 0, 0, 0, 0
17:18:46.981 -> 1929382, -3718258, 2338222, 95927, 807411, 0, 0, 0, 0
17:18:47.980 -> 1930387, -3718536, 2338052, 95505, 807544, 0, 2, 0, 0
17:18:48.979 -> 1931390, -3718567, 2337898, 95537, 807301, 0, 0, 1, 0
17:18:50.033 -> 1932395, -3718614, 2337641, 95628, 807183, 0, 1, 0, 0
17:18:50.974 -> 1933399, -3718646, 2337721, 95887, 807356, 0, 0, 0, 0
17:18:51.973 -> 1934403, -3718513, 2337876, 96039, 807583, 0, 0, 1, 0
17:18:52.972 -> 1935407, -3718411, 2338136, 96048, 807575, 0, 1, 0, 0
17:18:54.005 -> 1936411, -3718506, 2338403, 96028, 807706, 0, 0, 1, 1
17:18:55.005 -> 1937415, -3718582, 2338410, 96166, 807603, 0, 0, 0, 0
17:18:56.004 -> 1938419, -3718783, 2338438, 96255, 807626, 0, 0, 0, 0
17:18:57.003 -> 1939423, -3718869, 2338307, 96170, 807646, 0, 0, 0, 0
17:18:58.002 -> 1940426, -3718701, 2338346, 96435, 807667, 0, 1, 1, 1
17:18:59.000 -> 1941431, -3718570, 2338378, 96310, 807625, 0, 0, 1, 0
17:19:00.032 -> 1942434, -3718750, 2338455, 96127, 807766, 0, 0, 1, 0
17:19:01.032 -> 1943439, -3718132, 2338421, 96386, 807943, 0, 0, 0, 0
17:19:02.029 -> 1944442, -3718320, 2338110, 96196, 808065, 0, 0, 1, 0
17:19:03.026 -> 1945447, -3718455, 2338308, 96518, 808262, 0, 1, 1, 0
17:19:04.021 -> 1946450, -3718658, 2338363, 96490, 808438, 0, 0, 0, 0
17:19:05.044 -> 1947455, -3718508, 2337978, 96866, 808607, 0, 2, 0, 1
17:19:06.048 -> 1948459, -3718624, 2338008, 96499, 808623, 0, 0, 1, 0
17:19:07.044 -> 1949463, -3718583, 2338037, 96622, 808681, 0, 0, 0, 0
17:19:08.040 -> 1950467, -3718933, 2338109, 96614, 808816, 0, 0, 0, 0
17:19:09.038 -> 1951470, -3719045, 2338526, 96485, 808815, 0, 0, 1, 0
17:19:10.071 -> 1952475, -3719396, 2338387, 96766, 808965, 0, 0, 1, 0
17:19:11.068 -> 1953478, -3719382, 2338799, 96902, 809224, 0, 0, 0, 0
17:19:12.067 -> 1954483, -3719378, 2338740, 96472, 809291, 0, 0, 0, 0
17:19:13.065 -> 1955486, -3719010, 2338536, 96726, 809224, 0, 2, 0, 0
17:19:14.064 -> 1956491, -3718684, 2338641, 96736, 808946, 0, 0, 0, 0
17:19:15.064 -> 1957494, -3718676, 2338724, 96854, 809082, 0, 2, 1, 0
17:19:16.096 -> 1958499, -3718832, 2338887, 96925, 809234, 0, 0, 0, 0
17:19:17.094 -> 1959502, -3718728, 2338906, 97037, 809396, 0, 0, 0, 0
17:19:18.093 -> 1960507, -3718909, 2338739, 97292, 809492, 0, 2, 0, 0
17:19:19.096 -> 1961510, -3719072, 2338974, 97216, 809167, 0, 1, 0, 0
17:19:20.093 -> 1962514, -3718929, 2338968, 97345, 809229, 0, 1, 1, 0
17:19:21.091 -> 1963518, -3718452, 2338986, 97507, 809214, 0, 0, 0, 0
17:19:22.090 -> 1964522, -3718431, 2339198, 97494, 809252, 0, 0, 0, 0
17:19:23.122 -> 1965527, -3717959, 2338868, 97619, 809062, 0, 0, 0, 0
17:19:24.120 -> 1966530, -3718314, 2338483, 97260, 809212, 0, 0, 0, 0
17:19:25.120 -> 1967535, -3718586, 2338275, 97258, 809416, 0, 1, 0, 0
17:19:26.119 -> 1968538, -3718212, 2338170, 97168, 809036, 0, 0, 0, 0
17:19:27.118 -> 1969543, -3718207, 2337876, 96906, 808765, 0, 0, 1, 0
17:19:28.118 -> 1970546, -3718468, 2337754, 96592, 808864, 0, 0, 0, 1
17:19:29.149 -> 1971551, -3719185, 2337730, 96784, 809224, 0, 0, 0, 0
17:19:30.146 -> 1972554, -3719152, 2337706, 96661, 809274, 0, 0, 1, 0
17:19:31.142 -> 1973558, -3719673, 2337567, 96401, 809025, 0, 0, 0, 0
17:19:32.138 -> 1974562, -3719638, 2337384, 96019, 808707, 0, 0, 0, 0
17:19:33.135 -> 1975566, -3720101, 2337153, 95634, 808463, 0, 1, 0, 0
17:19:34.166 -> 1976570, -3720434, 2337225, 95512, 808310, 0, 0, 0, 0
17:19:35.163 -> 1977574, -3720555, 2336991, 95598, 808507, 0, 0, 1, 0
17:19:36.160 -> 1978578, -3720567, 2337105, 95508, 808592, 0, 0, 1, 0
17:19:37.157 -> 1979582, -3720597, 2337229, 95622, 808750, 0, 0, 0, 0
17:19:38.154 -> 1980587, -3719815, 2337621, 95944, 809188, 0, 0, 1, 0
17:19:39.185 -> 1981590, -3719521, 2337772, 96062, 809544, 0, 0, 0, 0
17:19:40.185 -> 1982595, -3719605, 2338078, 96127, 809908, 0, 1, 1, 0
17:19:41.184 -> 1983598, -3719316, 2337230, 95002, 808878, 0, 0, 0, 0
17:19:42.183 -> 1984602, -3719176, 2337341, 94648, 809718, 0, 0, 0, 0
17:19:43.180 -> 1985606, -3719588, 2337347, 94535, 809892, 0, 1, 0, 0
17:19:44.179 -> 1986610, -3719767, 2337350, 94993, 810163, 0, 0, 0, 0
17:19:45.210 -> 1987614, -3719781, 2337810, 94974, 810051, 0, 0, 0, 0
17:19:46.206 -> 1988618, -3720001, 2337950, 95266, 810247, 0, 0, 1, 0
17:19:47.202 -> 1989622, -3720312, 2337883, 95186, 810549, 0, 0, 0, 0
17:19:48.199 -> 1990626, -3720697, 2337998, 95564, 810708, 0, 1, 0, 0
17:19:49.198 -> 1991630, -3720726, 2338057, 95917, 810921, 0, 1, 1, 0
17:19:50.230 -> 1992634, -3720424, 2338011, 96053, 811068, 0, 0, 1, 0
17:19:51.228 -> 1993638, -3720064, 2338121, 95838, 811078, 0, 0, 1, 0
17:19:52.228 -> 1994642, -3720213, 2338018, 96010, 810974, 0, 0, 0, 0
17:19:53.227 -> 1995645, -3719883, 2337531, 95395, 810930, 0, 0, 0, 0
17:19:54.225 -> 1996650, -3720288, 2337168, 95479, 810595, 0, 0, 0, 1
17:19:55.225 -> 1997654, -3720202, 2336863, 95580, 810603, 0, 1, 1, 0
17:19:56.256 -> 1998658, -3720175, 2337043, 95358, 810474, 0, 0, 0, 0
17:19:57.255 -> 1999662, -3720150, 2337142, 95217, 810212, 0, 1, 0, 0
17:19:58.254 -> 2000666, -3719989, 2336925, 95170, 809961, 0, 0, 1, 1
17:19:59.253 -> 2001670, -3720064, 2336917, 95088, 810026, 0, 1, 2, 0
17:20:00.252 -> 2002674, -3720378, 2336857, 95032, 810185, 0, 1, 0, 0
17:20:01.252 -> 2003678, -3720545, 2336907, 94937, 810205, 0, 0, 0, 1
17:20:02.251 -> 2004682, -3720670, 2337093, 94979, 810437, 0, 0, 0, 0
17:20:03.283 -> 2005686, -3720456, 2337239, 95628, 810559, 0, 0, 0, 0
17:20:04.282 -> 2006689, -3720356, 2337648, 95492, 810626, 0, 0, 0, 0
17:20:05.282 -> 2007694, -3720240, 2337825, 95848, 810835, 0, 0, 0, 0
17:20:06.281 -> 2008697, -3720116, 2337800, 95972, 810878, 0, 0, 0, 0
17:20:07.280 -> 2009702, -3719643, 2337351, 96399, 810766, 0, 0, 0, 0
17:20:08.280 -> 2010705, -3719584, 2337335, 96379, 810823, 0, 0, 0, 1
17:20:09.279 -> 2011710, -3719773, 2337325, 96304, 811057, 0, 0, 0, 0
17:20:10.310 -> 2012713, -3720350, 2337147, 96344, 811212, 0, 0, 1, 0
17:20:11.308 -> 2013718, -3720226, 2337207, 96675, 811418, 0, 0, 0, 0
17:20:12.307 -> 2014722, -3720022, 2337151, 96483, 811512, 0, 0, 0, 0
17:20:13.307 -> 2015726, -3720119, 2337184, 95991, 811663, 0, 0, 0, 0
17:20:14.306 -> 2016730, -3720088, 2337348, 96328, 811826, 0, 0, 0, 0
17:20:15.305 -> 2017733, -3719875, 2337321, 96113, 811723, 0, 1, 0, 0
17:20:16.303 -> 2018738, -3719533, 2337223, 95988, 811445, 0, 0, 1, 0
17:20:17.333 -> 2019741, -3719779, 2337289, 95963, 811524, 0, 0, 0, 0
17:20:18.329 -> 2020746, -3720061, 2337320, 96354, 811490, 0, 1, 0, 0
17:20:19.327 -> 2021749, -3720475, 2337121, 95921, 811744, 0, 0, 0, 0
17:20:20.325 -> 2022754, -3720739, 2336841, 96185, 811721, 0, 0, 1, 0
17:20:21.323 -> 2023757, -3720464, 2337192, 96350, 811615, 0, 0, 0, 0
17:20:22.355 -> 2024762, -3720595, 2337420, 96523, 811748, 0, 0, 1, 0
17:20:23.355 -> 2025765, -3720894, 2337421, 96485, 812071, 0, 0, 0, 0
17:20:24.353 -> 2026770, -3721016, 2337126, 95964, 811780, 0, 0, 0, 0
17:20:25.352 -> 2027773, -3721247, 2336938, 95653, 811538, 0, 0, 0, 0
17:20:26.351 -> 2028778, -3721617, 2336868, 95805, 811684, 0, 0, 0, 0
17:20:27.349 -> 2029782, -3721654, 2336853, 95593, 811941, 0, 1, 0, 0
17:20:28.381 -> 2030785, -3721677, 2336965, 95618, 812011, 1, 1, 1, 1
17:20:29.380 -> 2031790, -3721616, 2337133, 95652, 812314, 0, 0, 1, 0
17:20:30.378 -> 2032793, -3721242, 2337008, 96055, 812284, 0, 0, 0, 0
17:20:31.378 -> 2033798, -3721258, 2337116, 96019, 812472, 0, 0, 0, 0
17:20:32.376 -> 2034801, -3721307, 2337152, 96214, 812575, 0, 0, 1, 0
17:20:33.376 -> 2035806, -3721612, 2337127, 96527, 812680, 0, 0, 1, 0
17:20:34.375 -> 2036809, -3721788, 2337249, 96503, 812747, 0, 1, 0, 0
17:20:35.407 -> 2037814, -3721887, 2337114, 96446, 812834, 0, 0, 0, 0
17:20:36.405 -> 2038817, -3721906, 2337254, 96373, 813064, 0, 0, 0, 0
17:20:37.405 -> 2039822, -3721999, 2337186, 96466, 813073, 0, 0, 0, 0
17:20:38.404 -> 2040825, -3721565, 2337124, 95921, 813040, 0, 1, 0, 0
17:20:39.403 -> 2041829, -3721676, 2337204, 96090, 813122, 0, 0, 0, 0
17:20:40.401 -> 2042833, -3721744, 2337197, 95551, 813275, 0, 0, 0, 0
17:20:41.432 -> 2043837, -3721308, 2336863, 95946, 813276, 0, 0, 1, 0
17:20:42.431 -> 2044841, -3720927, 2336861, 96293, 813310, 0, 0, 0, 0
17:20:43.429 -> 2045845, -3721235, 2336826, 96097, 813231, 0, 0, 0, 0
17:20:44.429 -> 2046850, -3721308, 2336647, 96267, 813074, 0, 1, 0, 0
17:20:45.428 -> 2047853, -3720897, 2336574, 95836, 812956, 0, 0, 0, 0
17:20:46.427 -> 2048858, -3720722, 2336387, 95956, 813004, 0, 0, 2, 0
17:20:47.427 -> 2049861, -3721207, 2335906, 95388, 812786, 0, 0, 0, 0
17:20:48.458 -> 2050866, -3721394, 2335776, 95099, 812657, 0, 0, 0, 0
17:20:49.457 -> 2051869, -3721309, 2335872, 94783, 812252, 0, 0, 0, 0
17:20:50.455 -> 2052873, -3721703, 2335978, 94881, 812442, 0, 1, 1, 1
17:20:51.455 -> 2053877, -3721959, 2336391, 95011, 812884, 0, 0, 0, 0
17:20:52.454 -> 2054881, -3721663, 2336490, 95193, 812772, 0, 0, 0, 0
17:20:53.452 -> 2055885, -3721326, 2336638, 95196, 813150, 0, 2, 1, 0
17:20:54.484 -> 2056889, -3721297, 2336786, 95456, 813083, 0, 0, 0, 0
17:20:55.483 -> 2057893, -3721054, 2337020, 96015, 813076, 0, 1, 2, 0
17:20:56.483 -> 2058897, -3721015, 2337429, 96187, 813124, 0, 1, 0, 0
17:20:57.482 -> 2059901, -3720988, 2337537, 96238, 813303, 0, 0, 0, 0
17:20:58.481 -> 2060905, -3721268, 2337586, 96169, 813499, 0, 0, 2, 0
17:20:59.480 -> 2061910, -3721096, 2337723, 96260, 813345, 0, 0, 0, 0
17:21:00.511 -> 2062913, -3720632, 2338172, 96269, 813222, 0, 0, 0, 0
17:21:01.510 -> 2063917, -3720633, 2338045, 96701, 813297, 0, 0, 1, 0
17:21:02.507 -> 2064921, -3719658, 2337937, 96302, 813347, 0, 0, 0, 0
17:21:03.505 -> 2065925, -3719301, 2338127, 96206, 813346, 0, 0, 0, 0
17:21:04.503 -> 2066929, -3719283, 2338168, 96382, 813631, 0, 0, 1, 0
17:21:05.501 -> 2067933, -3719353, 2338402, 96340, 813797, 0, 1, 0, 0
17:21:06.531 -> 2068937, -3719536, 2338451, 96749, 814008, 0, 0, 2, 0
17:21:07.528 -> 2069941, -3719919, 2338421, 96633, 814194, 0, 0, 1, 0
17:21:08.526 -> 2070945, -3720108, 2338431, 96985, 814336, 0, 0, 0, 0
17:21:09.525 -> 2071949, -3720193, 2338427, 96846, 814325, 1, 0, 0, 0
17:21:10.523 -> 2072952, -3719846, 2338279, 96787, 814435, 0, 0, 0, 0
17:21:11.523 -> 2073957, -3719508, 2338001, 97061, 814664, 0, 0, 1, 0
17:21:12.555 -> 2074960, -3719716, 2338022, 97141, 814790, 0, 0, 0, 0
17:21:13.555 -> 2075965, -3719342, 2337589, 96823, 814751, 0, 0, 0, 0
17:21:14.554 -> 2076968, -3719430, 2337532, 96266, 814286, 0, 0, 0, 0
17:21:15.554 -> 2077973, -3719585, 2337282, 96056, 813873, 0, 0, 0, 0
17:21:16.553 -> 2078977, -3719859, 2337036, 95409, 813613, 0, 0, 0, 0
17:21:17.551 -> 2079981, -3720430, 2336671, 95779, 813648, 0, 0, 0, 0
17:21:18.583 -> 2080985, -3720729, 2336311, 95340, 813789, 0, 0, 1, 0
17:21:19.582 -> 2081989, -3720376, 2336340, 94941, 813541, 0, 0, 0, 0
17:21:20.581 -> 2082993, -3720316, 2336093, 95139, 813494, 0, 0, 0, 0
17:21:21.581 -> 2083997, -3719938, 2335953, 95547, 813547, 0, 0, 0, 0
17:21:22.580 -> 2085001, -3719993, 2336005, 95109, 813985, 0, 1, 1, 0
17:21:23.579 -> 2086004, -3719958, 2335917, 95638, 814397, 0, 1, 0, 0
17:21:24.579 -> 2087009, -3719838, 2335977, 95273, 813772, 0, 0, 0, 0
17:21:25.612 -> 2088012, -3719661, 2336048, 95192, 813457, 0, 2, 0, 0
17:21:26.609 -> 2089017, -3719968, 2335750, 94800, 813685, 0, 0, 0, 0
17:21:27.610 -> 2090020, -3720530, 2335577, 94717, 813949, 0, 1, 1, 0
17:21:28.609 -> 2091025, -3720953, 2335780, 94519, 814314, 0, 1, 1, 0
17:21:29.609 -> 2092028, -3721042, 2335743, 94291, 814198, 0, 0, 0, 0
17:21:30.606 -> 2093033, -3720684, 2335897, 94448, 814425, 0, 0, 0, 0
17:21:31.605 -> 2094036, -3720747, 2335890, 94630, 814583, 0, 0, 0, 0
17:21:32.638 -> 2095041, -3721013, 2335999, 94815, 814578, 0, 1, 1, 0
17:21:33.638 -> 2096045, -3720411, 2335995, 94938, 814572, 0, 1, 1, 0
17:21:34.636 -> 2097049, -3720354, 2335928, 94851, 814866, 0, 0, 0, 0
17:21:35.635 -> 2098053, -3720338, 2336312, 95252, 814956, 0, 1, 0, 0
17:21:36.634 -> 2099056, -3720176, 2336344, 95337, 815082, 0, 1, 0, 0
17:21:37.633 -> 2100061, -3720115, 2336128, 95311, 814905, 0, 1, 0, 0
17:21:38.632 -> 2101064, -3720210, 2336228, 94954, 815025, 0, 0, 1, 0
17:21:39.664 -> 2102069, -3720717, 2336535, 95036, 815293, 0, 1, 0, 0
17:21:40.663 -> 2103072, -3720927, 2336666, 95184, 815647, 0, 0, 1, 0
17:21:41.662 -> 2104077, -3720880, 2336692, 95498, 816013, 0, 0, 0, 0
17:21:42.660 -> 2105080, -3720545, 2336814, 95099, 815990, 0, 0, 0, 0
17:21:43.659 -> 2106085, -3720320, 2336891, 95045, 815538, 0, 0, 1, 0
17:21:44.658 -> 2107088, -3720213, 2336758, 94792, 815654, 0, 0, 0, 0
17:21:45.691 -> 2108093, -3720212, 2336989, 94935, 815580, 0, 0, 0, 0
17:21:46.689 -> 2109096, -3720345, 2336990, 94877, 815408, 0, 0, 1, 0
17:21:47.688 -> 2110100, -3720631, 2336641, 95065, 815487, 0, 0, 0, 0
17:21:48.688 -> 2111105, -3720635, 2336337, 94530, 815417, 0, 1, 0, 0
17:21:49.687 -> 2112108, -3720376, 2336261, 94325, 815581, 0, 0, 1, 0
17:21:50.685 -> 2113113, -3720705, 2336169, 94577, 816046, 0, 0, 0, 0
17:21:51.684 -> 2114116, -3721150, 2336292, 94605, 816408, 0, 0, 0, 0
17:21:52.714 -> 2115121, -3721067, 2336625, 94410, 816198, 0, 0, 0, 0
17:21:53.712 -> 2116124, -3720851, 2336708, 94586, 816384, 0, 0, 0, 0
17:21:54.708 -> 2117129, -3721049, 2336631, 94728, 816383, 0, 0, 0, 0
17:21:55.704 -> 2118132, -3721211, 2336577, 94485, 816097, 0, 0, 1, 0
17:21:56.735 -> 2119137, -3721393, 2336239, 94464, 816609, 0, 0, 1, 0
17:21:57.733 -> 2120140, -3721473, 2336404, 94798, 816862, 0, 0, 0, 0
